# particle morphology
# using file: 36-05x-H.png
#
#x/µm	y/µm
-457.66009534873194	1244.9186420349106
-466.9016572876907	1235.6770800959519
-476.14321922664936	1235.6770800959519
-476.14321922664936	1226.435518156993
-485.3847811656081	1217.1939562180346
-494.6263431045668	1207.9523942790759
-503.86790504352547	1198.7108323401171
-513.1094669824842	1189.4692704011584
-522.3510289214429	1180.2277084621996
-531.5925908604016	1170.986146523241
-531.5925908604016	1161.7445845842822
-540.8341527993604	1152.5030226453237
-550.075714738319	1143.261460706365
-559.3172766772777	1134.0198987674062
-568.5588386162365	1124.7783368284474
-577.8004005551951	1124.7783368284474
-587.0419624941538	1115.5367748894887
-596.2835244331126	1106.29521295053
-605.5250863720713	1097.0536510115712
-614.7666483110299	1087.8120890726127
-624.0082102499887	1078.570527133654
-633.2497721889474	1078.570527133654
-642.4913341279062	1069.3289651946952
-651.7328960668648	1069.3289651946952
-660.9744580058235	1060.0874032557365
-670.2160199447823	1060.0874032557365
-679.4575818837409	1060.0874032557365
-688.6991438226996	1050.8458413167778
-697.9407057616584	1050.8458413167778
-707.1822677006171	1050.8458413167778
-716.4238296395757	1050.8458413167778
-725.6653915785345	1041.604279377819
-734.9069535174932	1041.604279377819
-744.1485154564518	1032.3627174388603
-753.3900773954106	1032.3627174388603
-762.6316393343693	1032.3627174388603
-771.873201273328	1023.1211554999016
-781.1147632122867	1023.1211554999016
-790.3563251512454	1023.1211554999016
-799.5978870902042	1013.8795935609429
-808.8394490291628	1013.8795935609429
-818.0810109681215	1013.8795935609429
-827.3225729070803	1013.8795935609429
-836.564134846039	1013.8795935609429
-845.8056967849976	1004.6380316219843
-855.0472587239564	1004.6380316219843
-864.2888206629151	1004.6380316219843
-873.5303826018737	995.3964696830255
-882.7719445408325	995.3964696830255
-892.0135064797912	995.3964696830255
-901.2550684187499	995.3964696830255
-910.4966303577086	995.3964696830255
-919.7381922966673	986.1549077440668
-928.979754235626	986.1549077440668
-938.2213161745848	976.9133458051082
-947.4628781135434	967.6717838661494
-956.7044400525022	958.4302219271907
-965.9460019914609	949.188659988232
-975.1875639304195	939.9470980492733
-984.4291258693783	930.7055361103146
-993.670687808337	921.4639741713559
-1002.9122497472957	912.2224122323971
-1012.1538116862544	902.9808502934385
-1012.1538116862544	893.7392883544798
-1021.3953736252131	884.497726415521
-1030.6369355641718	884.497726415521
-1039.8784975031306	875.2561644765624
-1049.1200594420893	866.0146025376037
-1058.3616213810478	856.7730405986449
-1067.6031833200066	847.5314786596862
-1076.8447452589653	838.2899167207275
-1086.086307197924	829.0483547817688
-1095.3278691368828	819.8067928428101
-1104.5694310758415	810.5652309038514
-1113.8109930148003	801.3236689648927
-1123.0525549537588	792.082107025934
-1132.2941168927175	782.8405450869752
-1132.2941168927175	773.5989831480166
-1141.5356788316763	764.3574212090579
-1150.777240770635	755.1158592700991
-1160.0188027095937	745.8742973311405
-1169.2603646485525	736.6327353921818
-1178.5019265875112	736.6327353921818
-1187.7434885264697	727.391173453223
-1196.9850504654285	718.1496115142643
-1206.2266124043872	708.9080495753057
-1206.2266124043872	699.6664876363469
-1215.468174343346	690.4249256973882
-1215.468174343346	681.1833637584296
-1224.7097362823047	671.9418018194708
-1224.7097362823047	662.7002398805121
-1233.9512982212634	653.4586779415533
-1233.9512982212634	644.2171160025947
-1243.1928601602222	634.975554063636
-1252.4344220991807	625.7339921246772
-1261.6759840381394	616.4924301857185
-1270.9175459770981	607.2508682467599
-1280.1591079160569	598.0093063078011
-1289.4006698550156	588.7677443688424
-1298.6422317939744	588.7677443688424
-1307.883793732933	579.5261824298838
-1317.1253556718916	570.284620490925
-1326.3669176108504	561.0430585519663
-1335.608479549809	561.0430585519663
-1344.8500414887678	561.0430585519663
-1354.0916034277266	551.8014966130075
-1363.3331653666853	551.8014966130075
-1372.574727305644	542.5599346740489
-1381.8162892446028	542.5599346740489
-1391.0578511835613	533.3183727350902
-1400.29941312252	533.3183727350902
-1409.5409750614788	524.0768107961314
-1418.7825370004375	524.0768107961314
-1428.0240989393963	514.8352488571728
-1428.0240989393963	505.5936869182141
-1437.265660878355	496.35212497925534
-1437.265660878355	487.11056304029665
-1446.5072228173137	477.8690011013379
-1446.5072228173137	468.62743916237923
-1455.7487847562722	459.38587722342055
-1455.7487847562722	450.1443152844618
-1464.990346695231	440.90275334550313
-1464.990346695231	431.6611914065444
-1464.990346695231	422.4196294675857
-1464.990346695231	413.17806752862697
-1464.990346695231	403.9365055896683
-1474.2319086341897	394.69494365070955
-1474.2319086341897	385.45338171175086
-1474.2319086341897	376.2118197727922
-1483.4734705731485	366.97025783383344
-1492.7150325121072	357.72869589487476
-1501.956594451066	348.487133955916
-1511.1981563900247	339.24557201695734
-1520.4397183289832	330.0040100779986
-1529.681280267942	330.0040100779986
-1538.9228422069007	320.7624481390399
-1548.1644041458594	311.52088620008124
-1557.4059660848181	302.2793242611225
-1566.6475280237769	302.2793242611225
-1575.8890899627356	293.0377623221638
-1585.1306519016941	293.0377623221638
-1585.1306519016941	283.7962003832051
-1594.3722138406529	274.5546384442464
-1603.6137757796116	265.31307650528765
-1603.6137757796116	256.071514566329
-1612.8553377185704	246.82995262737026
-1622.096899657529	237.58839068841155
-1631.3384615964878	228.34682874945284
-1640.5800235354466	219.10526681049413
-1649.821585474405	209.86370487153542
-1659.0631474133638	200.62214293257674
-1668.3047093523226	200.62214293257674
-1677.5462712912813	191.38058099361803
-1686.78783323024	182.13901905465931
-1696.0293951691988	172.8974571157006
-1705.2709571081575	172.8974571157006
-1714.512519047116	163.6558951767419
-1723.7540809860748	163.6558951767419
-1732.9956429250335	154.41433323778318
-1742.2372048639922	145.17277129882447
-1751.478766802951	145.17277129882447
-1760.7203287419097	145.17277129882447
-1769.9618906808685	135.93120935986576
-1779.203452619827	135.93120935986576
-1788.4450145587857	135.93120935986576
-1797.6865764977445	126.68964742090706
-1806.9281384367032	126.68964742090706
-1816.169700375662	117.44808548194835
-1825.4112623146207	108.20652354298966
-1834.6528242535794	98.96496160403095
-1834.6528242535794	89.72339966507224
-1843.894386192538	80.48183772611353
-1843.894386192538	71.24027578715483
-1843.894386192538	61.99871384819612
-1843.894386192538	52.75715190923741
-1843.894386192538	43.515589970278704
-1843.894386192538	34.27402803131999
-1843.894386192538	25.032466092361286
-1843.894386192538	15.79090415340258
-1843.894386192538	6.549342214443873
-1843.894386192538	-2.6922197245148345
-1843.894386192538	-11.93378166347354
-1843.894386192538	-21.17534360243225
-1853.1359481314967	-30.416905541390957
-1853.1359481314967	-39.658467480349664
-1862.3775100704554	-48.90002941930837
-1862.3775100704554	-58.14159135826708
-1862.3775100704554	-67.38315329722579
-1862.3775100704554	-76.62471523618449
-1871.6190720094141	-85.8662771751432
-1871.6190720094141	-95.1078391141019
-1871.6190720094141	-104.34940105306062
-1871.6190720094141	-113.59096299201931
-1871.6190720094141	-122.83252493097802
-1862.3775100704554	-132.07408686993674
-1862.3775100704554	-141.31564880889545
-1862.3775100704554	-150.55721074785416
-1853.1359481314967	-159.79877268681287
-1853.1359481314967	-169.04033462577155
-1853.1359481314967	-178.28189656473026
-1843.894386192538	-187.52345850368897
-1843.894386192538	-196.76502044264768
-1843.894386192538	-206.0065823816064
-1843.894386192538	-215.2481443205651
-1843.894386192538	-224.4897062595238
-1834.6528242535794	-233.73126819848252
-1834.6528242535794	-242.9728301374412
-1834.6528242535794	-252.21439207639992
-1825.4112623146207	-261.45595401535866
-1825.4112623146207	-270.69751595431734
-1825.4112623146207	-279.939077893276
-1825.4112623146207	-289.18063983223476
-1825.4112623146207	-298.42220177119344
-1825.4112623146207	-307.6637637101522
-1825.4112623146207	-316.90532564911086
-1825.4112623146207	-326.1468875880696
-1825.4112623146207	-335.3884495270283
-1816.169700375662	-344.630011465987
-1806.9281384367032	-353.8715734049457
-1806.9281384367032	-363.1131353439044
-1806.9281384367032	-372.3546972828631
-1797.6865764977445	-381.5962592218218
-1788.4450145587857	-390.83782116078055
-1779.203452619827	-400.07938309973923
-1769.9618906808685	-409.32094503869797
-1769.9618906808685	-418.56250697765665
-1760.7203287419097	-427.80406891661534
-1760.7203287419097	-437.0456308555741
-1751.478766802951	-446.28719279453276
-1742.2372048639922	-455.5287547334915
-1732.9956429250335	-464.7703166724502
-1723.7540809860748	-474.0118786114089
-1714.512519047116	-474.0118786114089
-1705.2709571081575	-483.2534405503676
-1696.0293951691988	-492.49500248932634
-1686.78783323024	-501.736564428285
-1677.5462712912813	-510.9781263672437
-1668.3047093523226	-520.2196883062024
-1668.3047093523226	-529.4612502451612
-1659.0631474133638	-529.4612502451612
-1649.821585474405	-538.7028121841198
-1640.5800235354466	-547.9443741230785
-1631.3384615964878	-547.9443741230785
-1622.096899657529	-557.1859360620373
-1612.8553377185704	-557.1859360620373
-1603.6137757796116	-566.427498000996
-1603.6137757796116	-575.6690599399546
-1594.3722138406529	-584.9106218789134
-1585.1306519016941	-594.1521838178721
-1585.1306519016941	-603.3937457568308
-1575.8890899627356	-612.6353076957895
-1566.6475280237769	-621.8768696347482
-1566.6475280237769	-631.118431573707
-1557.4059660848181	-640.3599935126656
-1557.4059660848181	-649.6015554516243
-1548.1644041458594	-658.8431173905831
-1538.9228422069007	-668.0846793295417
-1529.681280267942	-677.3262412685004
-1520.4397183289832	-686.5678032074592
-1511.1981563900247	-695.8093651464179
-1501.956594451066	-705.0509270853765
-1492.7150325121072	-714.2924890243353
-1492.7150325121072	-723.534050963294
-1483.4734705731485	-732.7756129022526
-1483.4734705731485	-742.0171748412114
-1483.4734705731485	-751.2587367801701
-1474.2319086341897	-760.5002987191289
-1474.2319086341897	-769.7418606580875
-1474.2319086341897	-778.9834225970462
-1464.990346695231	-788.224984536005
-1455.7487847562722	-797.4665464749636
-1455.7487847562722	-806.7081084139223
-1446.5072228173137	-815.9496703528811
-1446.5072228173137	-825.1912322918398
-1437.265660878355	-834.4327942307984
-1437.265660878355	-843.6743561697572
-1437.265660878355	-852.9159181087159
-1437.265660878355	-862.1574800476747
-1428.0240989393963	-871.3990419866333
-1428.0240989393963	-880.640603925592
-1418.7825370004375	-889.8821658645508
-1418.7825370004375	-899.1237278035094
-1409.5409750614788	-908.3652897424681
-1409.5409750614788	-917.6068516814269
-1409.5409750614788	-926.8484136203856
-1409.5409750614788	-936.0899755593442
-1409.5409750614788	-945.331537498303
-1409.5409750614788	-954.5730994372617
-1409.5409750614788	-963.8146613762203
-1409.5409750614788	-973.0562233151791
-1409.5409750614788	-982.2977852541378
-1400.29941312252	-991.5393471930965
-1400.29941312252	-1000.7809091320552
-1391.0578511835613	-1010.0224710710139
-1381.8162892446028	-1019.2640330099726
-1372.574727305644	-1019.2640330099726
-1363.3331653666853	-1028.5055949489313
-1354.0916034277266	-1037.74715688789
-1344.8500414887678	-1037.74715688789
-1335.608479549809	-1037.74715688789
-1326.3669176108504	-1037.74715688789
-1317.1253556718916	-1046.9887188268488
-1307.883793732933	-1046.9887188268488
-1298.6422317939744	-1056.2302807658075
-1289.4006698550156	-1065.4718427047662
-1289.4006698550156	-1074.713404643725
-1280.1591079160569	-1083.9549665826835
-1280.1591079160569	-1093.1965285216422
-1270.9175459770981	-1102.438090460601
-1270.9175459770981	-1111.6796523995597
-1261.6759840381394	-1111.6796523995597
-1252.4344220991807	-1120.9212143385184
-1252.4344220991807	-1130.1627762774772
-1243.1928601602222	-1130.1627762774772
-1233.9512982212634	-1139.404338216436
-1224.7097362823047	-1139.404338216436
-1215.468174343346	-1148.6459001553944
-1206.2266124043872	-1157.8874620943532
-1196.9850504654285	-1157.8874620943532
-1187.7434885264697	-1167.129024033312
-1178.5019265875112	-1176.3705859722706
-1169.2603646485525	-1176.3705859722706
-1160.0188027095937	-1185.6121479112294
-1150.777240770635	-1185.6121479112294
-1141.5356788316763	-1194.8537098501881
-1132.2941168927175	-1194.8537098501881
-1123.0525549537588	-1194.8537098501881
-1113.8109930148003	-1204.0952717891469
-1104.5694310758415	-1204.0952717891469
-1095.3278691368828	-1213.3368337281054
-1086.086307197924	-1213.3368337281054
-1076.8447452589653	-1213.3368337281054
-1067.6031833200066	-1222.5783956670641
-1058.3616213810478	-1222.5783956670641
-1049.1200594420893	-1222.5783956670641
-1039.8784975031306	-1222.5783956670641
-1030.6369355641718	-1222.5783956670641
-1021.3953736252131	-1231.8199576060229
-1012.1538116862544	-1231.8199576060229
-1002.9122497472957	-1231.8199576060229
-993.670687808337	-1241.0615195449816
-984.4291258693783	-1241.0615195449816
-975.1875639304195	-1250.3030814839403
-975.1875639304195	-1259.544643422899
-965.9460019914609	-1259.544643422899
-956.7044400525022	-1268.7862053618578
-947.4628781135434	-1268.7862053618578
-938.2213161745848	-1268.7862053618578
-928.979754235626	-1278.0277673008163
-919.7381922966673	-1278.0277673008163
-910.4966303577086	-1287.269329239775
-901.2550684187499	-1296.5108911787338
-892.0135064797912	-1305.7524531176925
-882.7719445408325	-1305.7524531176925
-873.5303826018737	-1314.9940150566513
-864.2888206629151	-1314.9940150566513
-855.0472587239564	-1314.9940150566513
-845.8056967849976	-1314.9940150566513
-836.564134846039	-1324.23557699561
-827.3225729070803	-1324.23557699561
-818.0810109681215	-1333.4771389345688
-808.8394490291628	-1333.4771389345688
-799.5978870902042	-1342.7187008735273
-790.3563251512454	-1342.7187008735273
-781.1147632122867	-1342.7187008735273
-771.873201273328	-1342.7187008735273
-762.6316393343693	-1351.960262812486
-753.3900773954106	-1351.960262812486
-744.1485154564518	-1351.960262812486
-734.9069535174932	-1342.7187008735273
-725.6653915785345	-1342.7187008735273
-716.4238296395757	-1342.7187008735273
-707.1822677006171	-1351.960262812486
-697.9407057616584	-1351.960262812486
-688.6991438226996	-1351.960262812486
-679.4575818837409	-1361.2018247514447
-670.2160199447823	-1361.2018247514447
-660.9744580058235	-1361.2018247514447
-651.7328960668648	-1370.4433866904035
-642.4913341279062	-1370.4433866904035
-633.2497721889474	-1370.4433866904035
-624.0082102499887	-1379.6849486293622
-614.7666483110299	-1379.6849486293622
-605.5250863720713	-1388.926510568321
-596.2835244331126	-1388.926510568321
-587.0419624941538	-1398.1680725072797
-577.8004005551951	-1407.4096344462382
-568.5588386162365	-1407.4096344462382
-559.3172766772777	-1416.651196385197
-550.075714738319	-1425.8927583241557
-540.8341527993604	-1425.8927583241557
-531.5925908604016	-1425.8927583241557
-522.3510289214429	-1435.1343202631144
-513.1094669824842	-1444.3758822020732
-503.86790504352547	-1444.3758822020732
-494.6263431045668	-1444.3758822020732
-485.3847811656081	-1444.3758822020732
-476.14321922664936	-1444.3758822020732
-466.9016572876907	-1444.3758822020732
-457.66009534873194	-1444.3758822020732
-448.41853340977326	-1444.3758822020732
-439.1769714708145	-1444.3758822020732
-429.93540953185584	-1453.617444141032
-420.69384759289716	-1453.617444141032
-411.4522856539384	-1453.617444141032
-402.21072371497974	-1453.617444141032
-392.969161776021	-1453.617444141032
-383.7275998370623	-1462.8590060799906
-374.4860378981036	-1462.8590060799906
-365.2444759591449	-1472.1005680189492
-356.00291402018615	-1472.1005680189492
-346.76135208122747	-1472.1005680189492
-337.5197901422688	-1481.342129957908
-328.27822820331005	-1490.5836918968666
-319.03666626435137	-1499.8252538358254
-309.79510432539263	-1499.8252538358254
-300.55354238643395	-1509.0668157747841
-291.3119804474752	-1518.3083777137429
-282.0704185085165	-1527.5499396527016
-272.82885656955784	-1527.5499396527016
-263.5872946305991	-1536.79150159166
-254.3457326916404	-1546.0330635306188
-245.10417075268168	-1555.2746254695776
-235.862608813723	-1564.5161874085363
-226.6210468747643	-1564.5161874085363
-217.37948493580558	-1573.757749347495
-208.13792299684687	-1573.757749347495
-198.89636105788816	-1582.9993112864538
-189.65479911892945	-1582.9993112864538
-180.41323717997074	-1582.9993112864538
-171.17167524101203	-1592.2408732254125
-161.93011330205334	-1592.2408732254125
-152.68855136309463	-1592.2408732254125
-143.44698942413592	-1592.2408732254125
-134.2054274851772	-1592.2408732254125
-124.9638655462185	-1592.2408732254125
-115.72230360725979	-1592.2408732254125
-106.48074166830109	-1601.4824351643713
-97.23917972934238	-1601.4824351643713
-87.99761779038367	-1601.4824351643713
-78.75605585142496	-1610.7239971033298
-69.51449391246626	-1610.7239971033298
-60.27293197350755	-1619.9655590422885
-51.03137003454884	-1619.9655590422885
-41.78980809559014	-1629.2071209812473
-32.54824615663143	-1638.448682920206
-23.30668421767272	-1638.448682920206
-14.065122278714014	-1638.448682920206
-4.823560339755307	-1647.6902448591647
4.4180015992034	-1656.9318067981235
13.659563538162107	-1656.9318067981235
22.901125477120814	-1656.9318067981235
32.14268741607952	-1656.9318067981235
41.38424935503823	-1666.1733687370822
50.62581129399693	-1656.9318067981235
59.86737323295564	-1656.9318067981235
69.10893517191435	-1656.9318067981235
78.35049711087305	-1656.9318067981235
87.59205904983176	-1656.9318067981235
96.83362098879047	-1666.1733687370822
106.07518292774918	-1666.1733687370822
115.31674486670788	-1666.1733687370822
124.55830680566659	-1675.4149306760407
133.7998687446253	-1675.4149306760407
143.041430683584	-1684.6564926149995
152.2829926225427	-1684.6564926149995
161.52455456150142	-1684.6564926149995
170.76611650046013	-1693.8980545539582
180.00767843941884	-1693.8980545539582
189.24924037837755	-1693.8980545539582
198.49080231733626	-1703.139616492917
207.73236425629494	-1712.3811784318757
216.97392619525365	-1712.3811784318757
226.21548813421236	-1721.6227403708344
235.45705007317108	-1721.6227403708344
244.6986120121298	-1721.6227403708344
253.9401739510885	-1721.6227403708344
263.1817358900472	-1721.6227403708344
272.4232978290059	-1721.6227403708344
281.66485976796463	-1721.6227403708344
290.9064217069233	-1721.6227403708344
300.14798364588205	-1712.3811784318757
309.38954558484073	-1712.3811784318757
318.6311075237994	-1712.3811784318757
327.87266946275815	-1712.3811784318757
337.11423140171684	-1712.3811784318757
346.3557933406756	-1712.3811784318757
355.59735527963426	-1712.3811784318757
364.838917218593	-1721.6227403708344
374.0804791575517	-1721.6227403708344
383.3220410965104	-1721.6227403708344
392.5636030354691	-1721.6227403708344
401.8051649744278	-1721.6227403708344
411.0467269133865	-1721.6227403708344
420.2882888523452	-1721.6227403708344
429.52985079130394	-1721.6227403708344
438.7714127302626	-1730.8643023097932
448.01297466922136	-1730.8643023097932
457.25453660818005	-1730.8643023097932
466.49609854713873	-1740.1058642487517
475.73766048609747	-1749.3474261877104
484.97922242505615	-1749.3474261877104
494.2207843640149	-1758.5889881266692
503.4623463029736	-1758.5889881266692
512.7039082419323	-1758.5889881266692
521.945470180891	-1749.3474261877104
531.1870321198497	-1749.3474261877104
540.4285940588084	-1749.3474261877104
549.6701559977671	-1749.3474261877104
558.9117179367258	-1749.3474261877104
568.1532798756846	-1740.1058642487517
577.3948418146432	-1740.1058642487517
586.6364037536019	-1730.8643023097932
595.8779656925607	-1730.8643023097932
605.1195276315194	-1740.1058642487517
614.361089570478	-1740.1058642487517
623.6026515094368	-1740.1058642487517
632.8442134483955	-1730.8643023097932
642.0857753873541	-1730.8643023097932
651.3273373263129	-1721.6227403708344
660.5688992652716	-1721.6227403708344
669.8104612042304	-1721.6227403708344
679.052023143189	-1712.3811784318757
688.2935850821477	-1712.3811784318757
697.5351470211065	-1712.3811784318757
706.7767089600651	-1703.139616492917
716.0182708990238	-1703.139616492917
725.2598328379826	-1693.8980545539582
734.5013947769413	-1693.8980545539582
743.7429567158999	-1684.6564926149995
752.9845186548587	-1675.4149306760407
762.2260805938174	-1666.1733687370822
771.467642532776	-1656.9318067981235
780.7092044717348	-1656.9318067981235
789.9507664106935	-1647.6902448591647
799.1923283496523	-1638.448682920206
808.4338902886109	-1629.2071209812473
817.6754522275696	-1619.9655590422885
826.9170141665284	-1619.9655590422885
836.158576105487	-1610.7239971033298
836.158576105487	-1601.4824351643713
845.4001380444457	-1592.2408732254125
845.4001380444457	-1582.9993112864538
854.6416999834045	-1573.757749347495
854.6416999834045	-1564.5161874085363
863.8832619223632	-1555.2746254695776
873.1248238613218	-1546.0330635306188
882.3663858002806	-1536.79150159166
891.6079477392393	-1527.5499396527016
891.6079477392393	-1518.3083777137429
900.849509678198	-1509.0668157747841
900.849509678198	-1499.8252538358254
900.849509678198	-1490.5836918968666
910.0910716171567	-1481.342129957908
910.0910716171567	-1472.1005680189492
910.0910716171567	-1462.8590060799906
910.0910716171567	-1453.617444141032
910.0910716171567	-1444.3758822020732
910.0910716171567	-1435.1343202631144
919.3326335561154	-1425.8927583241557
919.3326335561154	-1416.651196385197
919.3326335561154	-1407.4096344462382
928.5741954950742	-1398.1680725072797
928.5741954950742	-1388.926510568321
928.5741954950742	-1379.6849486293622
928.5741954950742	-1370.4433866904035
928.5741954950742	-1361.2018247514447
937.8157574340328	-1351.960262812486
937.8157574340328	-1342.7187008735273
937.8157574340328	-1333.4771389345688
947.0573193729915	-1324.23557699561
947.0573193729915	-1314.9940150566513
947.0573193729915	-1305.7524531176925
956.2988813119503	-1296.5108911787338
956.2988813119503	-1287.269329239775
956.2988813119503	-1278.0277673008163
965.540443250909	-1268.7862053618578
965.540443250909	-1259.544643422899
965.540443250909	-1250.3030814839403
965.540443250909	-1241.0615195449816
974.7820051898676	-1231.8199576060229
974.7820051898676	-1222.5783956670641
974.7820051898676	-1213.3368337281054
974.7820051898676	-1204.0952717891469
974.7820051898676	-1194.8537098501881
974.7820051898676	-1185.6121479112294
974.7820051898676	-1176.3705859722706
974.7820051898676	-1167.129024033312
974.7820051898676	-1157.8874620943532
984.0235671288264	-1148.6459001553944
993.2651290677851	-1139.404338216436
1002.5066910067437	-1130.1627762774772
1011.7482529457025	-1120.9212143385184
1020.9898148846612	-1111.6796523995597
1030.23137682362	-1111.6796523995597
1030.23137682362	-1102.438090460601
1039.4729387625787	-1093.1965285216422
1048.7145007015374	-1083.9549665826835
1057.956062640496	-1074.713404643725
1057.956062640496	-1065.4718427047662
1067.1976245794547	-1056.2302807658075
1067.1976245794547	-1046.9887188268488
1067.1976245794547	-1037.74715688789
1076.4391865184134	-1028.5055949489313
1085.6807484573721	-1019.2640330099726
1094.9223103963309	-1010.0224710710139
1094.9223103963309	-1000.7809091320552
1104.1638723352896	-991.5393471930965
1113.4054342742484	-982.2977852541378
1122.6469962132069	-982.2977852541378
1122.6469962132069	-973.0562233151791
1131.8885581521656	-963.8146613762203
1141.1301200911244	-954.5730994372617
1141.1301200911244	-945.331537498303
1141.1301200911244	-936.0899755593442
1150.371682030083	-926.8484136203856
1150.371682030083	-917.6068516814269
1159.6132439690418	-908.3652897424681
1159.6132439690418	-899.1237278035094
1168.8548059080006	-889.8821658645508
1178.0963678469593	-880.640603925592
1178.0963678469593	-871.3990419866333
1187.3379297859178	-862.1574800476747
1187.3379297859178	-852.9159181087159
1187.3379297859178	-843.6743561697572
1187.3379297859178	-834.4327942307984
1187.3379297859178	-825.1912322918398
1196.5794917248766	-815.9496703528811
1196.5794917248766	-806.7081084139223
1196.5794917248766	-797.4665464749636
1196.5794917248766	-788.224984536005
1196.5794917248766	-778.9834225970462
1205.8210536638353	-769.7418606580875
1205.8210536638353	-760.5002987191289
1205.8210536638353	-751.2587367801701
1205.8210536638353	-742.0171748412114
1205.8210536638353	-732.7756129022526
1215.062615602794	-723.534050963294
1215.062615602794	-714.2924890243353
1215.062615602794	-705.0509270853765
1215.062615602794	-695.8093651464179
1215.062615602794	-686.5678032074592
1215.062615602794	-677.3262412685004
1224.3041775417528	-668.0846793295417
1224.3041775417528	-658.8431173905831
1224.3041775417528	-649.6015554516243
1224.3041775417528	-640.3599935126656
1224.3041775417528	-631.118431573707
1224.3041775417528	-621.8768696347482
1224.3041775417528	-612.6353076957895
1233.5457394807115	-603.3937457568308
1233.5457394807115	-594.1521838178721
1233.5457394807115	-584.9106218789134
1242.7873014196703	-575.6690599399546
1242.7873014196703	-566.427498000996
1242.7873014196703	-557.1859360620373
1252.0288633586288	-547.9443741230785
1252.0288633586288	-538.7028121841198
1252.0288633586288	-529.4612502451612
1261.2704252975875	-520.2196883062024
1261.2704252975875	-510.9781263672437
1270.5119872365462	-501.736564428285
1270.5119872365462	-492.49500248932634
1270.5119872365462	-483.2534405503676
1279.753549175505	-474.0118786114089
1279.753549175505	-464.7703166724502
1279.753549175505	-455.5287547334915
1288.9951111144637	-446.28719279453276
1288.9951111144637	-437.0456308555741
1298.2366730534225	-427.80406891661534
1307.4782349923812	-418.56250697765665
1307.4782349923812	-409.32094503869797
1316.7197969313397	-400.07938309973923
1316.7197969313397	-390.83782116078055
1316.7197969313397	-381.5962592218218
1316.7197969313397	-372.3546972828631
1325.9613588702985	-363.1131353439044
1325.9613588702985	-353.8715734049457
1325.9613588702985	-344.630011465987
1325.9613588702985	-335.3884495270283
1325.9613588702985	-326.1468875880696
1325.9613588702985	-316.90532564911086
1335.2029208092572	-307.6637637101522
1335.2029208092572	-298.42220177119344
1335.2029208092572	-289.18063983223476
1344.444482748216	-279.939077893276
1344.444482748216	-270.69751595431734
1353.6860446871747	-261.45595401535866
1353.6860446871747	-252.21439207639992
1353.6860446871747	-242.9728301374412
1353.6860446871747	-233.73126819848252
1353.6860446871747	-224.4897062595238
1362.9276066261334	-215.2481443205651
1362.9276066261334	-206.0065823816064
1362.9276066261334	-196.76502044264768
1362.9276066261334	-187.52345850368897
1362.9276066261334	-178.28189656473026
1362.9276066261334	-169.04033462577155
1362.9276066261334	-159.79877268681287
1372.1691685650921	-150.55721074785416
1372.1691685650921	-141.31564880889545
1372.1691685650921	-132.07408686993674
1372.1691685650921	-122.83252493097802
1372.1691685650921	-113.59096299201931
1381.4107305040507	-104.34940105306062
1381.4107305040507	-95.1078391141019
1381.4107305040507	-85.8662771751432
1381.4107305040507	-76.62471523618449
1381.4107305040507	-67.38315329722579
1390.6522924430094	-58.14159135826708
1390.6522924430094	-48.90002941930837
1390.6522924430094	-39.658467480349664
1390.6522924430094	-30.416905541390957
1390.6522924430094	-21.17534360243225
1381.4107305040507	-11.93378166347354
1372.1691685650921	-2.6922197245148345
1372.1691685650921	6.549342214443873
1381.4107305040507	15.79090415340258
1381.4107305040507	25.032466092361286
1381.4107305040507	34.27402803131999
1381.4107305040507	43.515589970278704
1381.4107305040507	52.75715190923741
1381.4107305040507	61.99871384819612
1381.4107305040507	71.24027578715483
1381.4107305040507	80.48183772611353
1381.4107305040507	89.72339966507224
1381.4107305040507	98.96496160403095
1381.4107305040507	108.20652354298966
1372.1691685650921	117.44808548194835
1372.1691685650921	126.68964742090706
1362.9276066261334	135.93120935986576
1362.9276066261334	145.17277129882447
1362.9276066261334	154.41433323778318
1362.9276066261334	163.6558951767419
1362.9276066261334	172.8974571157006
1362.9276066261334	182.13901905465931
1362.9276066261334	191.38058099361803
1353.6860446871747	200.62214293257674
1353.6860446871747	209.86370487153542
1353.6860446871747	219.10526681049413
1353.6860446871747	228.34682874945284
1344.444482748216	237.58839068841155
1344.444482748216	246.82995262737026
1344.444482748216	256.071514566329
1344.444482748216	265.31307650528765
1344.444482748216	274.5546384442464
1344.444482748216	283.7962003832051
1344.444482748216	293.0377623221638
1344.444482748216	302.2793242611225
1344.444482748216	311.52088620008124
1344.444482748216	320.7624481390399
1344.444482748216	330.0040100779986
1344.444482748216	339.24557201695734
1344.444482748216	348.487133955916
1344.444482748216	357.72869589487476
1344.444482748216	366.97025783383344
1344.444482748216	376.2118197727922
1344.444482748216	385.45338171175086
1344.444482748216	394.69494365070955
1344.444482748216	403.9365055896683
1335.2029208092572	413.17806752862697
1325.9613588702985	422.4196294675857
1325.9613588702985	431.6611914065444
1325.9613588702985	440.90275334550313
1316.7197969313397	450.1443152844618
1316.7197969313397	459.38587722342055
1316.7197969313397	468.62743916237923
1316.7197969313397	477.8690011013379
1325.9613588702985	487.11056304029665
1325.9613588702985	496.35212497925534
1325.9613588702985	505.5936869182141
1335.2029208092572	514.8352488571728
1335.2029208092572	524.0768107961314
1335.2029208092572	533.3183727350902
1344.444482748216	542.5599346740489
1344.444482748216	551.8014966130075
1344.444482748216	561.0430585519663
1344.444482748216	570.284620490925
1335.2029208092572	579.5261824298838
1335.2029208092572	588.7677443688424
1335.2029208092572	598.0093063078011
1335.2029208092572	607.2508682467599
1325.9613588702985	616.4924301857185
1325.9613588702985	625.7339921246772
1325.9613588702985	634.975554063636
1325.9613588702985	644.2171160025947
1325.9613588702985	653.4586779415533
1316.7197969313397	662.7002398805121
1316.7197969313397	671.9418018194708
1316.7197969313397	681.1833637584296
1316.7197969313397	690.4249256973882
1307.4782349923812	699.6664876363469
1307.4782349923812	708.9080495753057
1307.4782349923812	718.1496115142643
1307.4782349923812	727.391173453223
1298.2366730534225	736.6327353921818
1298.2366730534225	745.8742973311405
1298.2366730534225	755.1158592700991
1288.9951111144637	764.3574212090579
1288.9951111144637	773.5989831480166
1279.753549175505	782.8405450869752
1279.753549175505	792.082107025934
1279.753549175505	801.3236689648927
1270.5119872365462	810.5652309038514
1270.5119872365462	819.8067928428101
1261.2704252975875	829.0483547817688
1261.2704252975875	838.2899167207275
1261.2704252975875	847.5314786596862
1252.0288633586288	856.7730405986449
1252.0288633586288	866.0146025376037
1252.0288633586288	875.2561644765624
1252.0288633586288	884.497726415521
1242.7873014196703	893.7392883544798
1242.7873014196703	902.9808502934385
1242.7873014196703	912.2224122323971
1233.5457394807115	921.4639741713559
1233.5457394807115	930.7055361103146
1233.5457394807115	939.9470980492733
1233.5457394807115	949.188659988232
1233.5457394807115	958.4302219271907
1233.5457394807115	967.6717838661494
1233.5457394807115	976.9133458051082
1233.5457394807115	986.1549077440668
1233.5457394807115	995.3964696830255
1224.3041775417528	1004.6380316219843
1224.3041775417528	1013.8795935609429
1224.3041775417528	1023.1211554999016
1224.3041775417528	1032.3627174388603
1215.062615602794	1041.604279377819
1215.062615602794	1050.8458413167778
1215.062615602794	1060.0874032557365
1215.062615602794	1069.3289651946952
1215.062615602794	1078.570527133654
1215.062615602794	1087.8120890726127
1215.062615602794	1097.0536510115712
1215.062615602794	1106.29521295053
1205.8210536638353	1115.5367748894887
1205.8210536638353	1124.7783368284474
1205.8210536638353	1134.0198987674062
1205.8210536638353	1143.261460706365
1205.8210536638353	1152.5030226453237
1196.5794917248766	1161.7445845842822
1196.5794917248766	1170.986146523241
1196.5794917248766	1180.2277084621996
1196.5794917248766	1189.4692704011584
1187.3379297859178	1198.7108323401171
1187.3379297859178	1207.9523942790759
1187.3379297859178	1217.1939562180346
1187.3379297859178	1226.435518156993
1187.3379297859178	1235.6770800959519
1187.3379297859178	1244.9186420349106
1187.3379297859178	1254.1602039738693
1178.0963678469593	1263.401765912828
1178.0963678469593	1272.6433278517868
1178.0963678469593	1281.8848897907455
1178.0963678469593	1291.126451729704
1178.0963678469593	1300.3680136686628
1178.0963678469593	1309.6095756076215
1178.0963678469593	1318.8511375465803
1187.3379297859178	1328.092699485539
1187.3379297859178	1337.3342614244978
1187.3379297859178	1346.5758233634565
1187.3379297859178	1355.817385302415
1187.3379297859178	1365.0589472413737
1187.3379297859178	1374.3005091803325
1187.3379297859178	1383.5420711192912
1187.3379297859178	1392.78363305825
1187.3379297859178	1402.0251949972087
1178.0963678469593	1411.2667569361674
1178.0963678469593	1420.5083188751262
1178.0963678469593	1429.7498808140847
1168.8548059080006	1438.9914427530434
1168.8548059080006	1448.2330046920022
1159.6132439690418	1457.474566630961
1150.371682030083	1466.7161285699196
1141.1301200911244	1475.9576905088784
1141.1301200911244	1485.1992524478371
1131.8885581521656	1485.1992524478371
1122.6469962132069	1494.4408143867956
1113.4054342742484	1494.4408143867956
1104.1638723352896	1503.6823763257544
1094.9223103963309	1512.9239382647131
1085.6807484573721	1522.1655002036719
1076.4391865184134	1531.4070621426306
1067.1976245794547	1531.4070621426306
1057.956062640496	1540.6486240815893
1048.7145007015374	1549.890186020548
1039.4729387625787	1559.1317479595066
1030.23137682362	1568.3733098984653
1020.9898148846612	1577.614871837424
1011.7482529457025	1586.8564337763828
1002.5066910067437	1596.0979957153415
1002.5066910067437	1605.3395576543003
993.2651290677851	1614.581119593259
993.2651290677851	1623.8226815322175
984.0235671288264	1633.0642434711763
974.7820051898676	1642.305805410135
974.7820051898676	1651.5473673490937
965.540443250909	1660.7889292880525
965.540443250909	1670.0304912270112
956.2988813119503	1679.27205316597
956.2988813119503	1688.5136151049285
956.2988813119503	1697.7551770438872
947.0573193729915	1706.996738982846
947.0573193729915	1716.2383009218047
947.0573193729915	1725.4798628607634
937.8157574340328	1734.7214247997222
928.5741954950742	1743.962986738681
928.5741954950742	1753.2045486776394
919.3326335561154	1762.4461106165982
910.0910716171567	1771.687672555557
900.849509678198	1771.687672555557
891.6079477392393	1780.9292344945156
882.3663858002806	1790.1707964334744
873.1248238613218	1790.1707964334744
863.8832619223632	1799.4123583724331
854.6416999834045	1808.6539203113919
854.6416999834045	1817.8954822503504
845.4001380444457	1817.8954822503504
836.158576105487	1827.137044189309
826.9170141665284	1836.3786061282678
817.6754522275696	1836.3786061282678
808.4338902886109	1845.6201680672266
799.1923283496523	1845.6201680672266
789.9507664106935	1854.8617300061853
780.7092044717348	1854.8617300061853
771.467642532776	1864.103291945144
762.2260805938174	1864.103291945144
752.9845186548587	1864.103291945144
743.7429567158999	1873.3448538841028
734.5013947769413	1873.3448538841028
725.2598328379826	1882.5864158230613
716.0182708990238	1882.5864158230613
706.7767089600651	1882.5864158230613
697.5351470211065	1882.5864158230613
688.2935850821477	1891.82797776202
679.052023143189	1891.82797776202
669.8104612042304	1891.82797776202
660.5688992652716	1891.82797776202
651.3273373263129	1891.82797776202
642.0857753873541	1901.0695397009788
632.8442134483955	1901.0695397009788
623.6026515094368	1901.0695397009788
614.361089570478	1901.0695397009788
605.1195276315194	1901.0695397009788
595.8779656925607	1901.0695397009788
586.6364037536019	1901.0695397009788
577.3948418146432	1901.0695397009788
568.1532798756846	1901.0695397009788
558.9117179367258	1891.82797776202
549.6701559977671	1891.82797776202
540.4285940588084	1882.5864158230613
531.1870321198497	1882.5864158230613
521.945470180891	1882.5864158230613
512.7039082419323	1882.5864158230613
503.4623463029736	1882.5864158230613
494.2207843640149	1882.5864158230613
484.97922242505615	1882.5864158230613
475.73766048609747	1882.5864158230613
466.49609854713873	1882.5864158230613
457.25453660818005	1873.3448538841028
448.01297466922136	1873.3448538841028
438.7714127302626	1873.3448538841028
429.52985079130394	1864.103291945144
420.2882888523452	1864.103291945144
411.0467269133865	1854.8617300061853
401.8051649744278	1845.6201680672266
392.5636030354691	1836.3786061282678
383.3220410965104	1836.3786061282678
374.0804791575517	1827.137044189309
364.838917218593	1827.137044189309
355.59735527963426	1827.137044189309
346.3557933406756	1827.137044189309
337.11423140171684	1827.137044189309
327.87266946275815	1817.8954822503504
318.6311075237994	1827.137044189309
309.38954558484073	1827.137044189309
300.14798364588205	1817.8954822503504
290.9064217069233	1817.8954822503504
281.66485976796463	1827.137044189309
272.4232978290059	1827.137044189309
263.1817358900472	1827.137044189309
253.9401739510885	1827.137044189309
244.6986120121298	1827.137044189309
235.45705007317108	1827.137044189309
226.21548813421236	1827.137044189309
216.97392619525365	1827.137044189309
207.73236425629494	1827.137044189309
198.49080231733626	1817.8954822503504
189.24924037837755	1817.8954822503504
180.00767843941884	1808.6539203113919
170.76611650046013	1808.6539203113919
161.52455456150142	1799.4123583724331
152.2829926225427	1799.4123583724331
143.041430683584	1790.1707964334744
133.7998687446253	1790.1707964334744
124.55830680566659	1790.1707964334744
115.31674486670788	1780.9292344945156
106.07518292774918	1771.687672555557
106.07518292774918	1762.4461106165982
96.83362098879047	1753.2045486776394
96.83362098879047	1743.962986738681
96.83362098879047	1734.7214247997222
96.83362098879047	1725.4798628607634
96.83362098879047	1716.2383009218047
87.59205904983176	1706.996738982846
87.59205904983176	1697.7551770438872
87.59205904983176	1688.5136151049285
78.35049711087305	1679.27205316597
69.10893517191435	1670.0304912270112
59.86737323295564	1660.7889292880525
50.62581129399693	1660.7889292880525
41.38424935503823	1660.7889292880525
32.14268741607952	1660.7889292880525
22.901125477120814	1660.7889292880525
13.659563538162107	1651.5473673490937
4.4180015992034	1651.5473673490937
-4.823560339755307	1651.5473673490937
-14.065122278714014	1642.305805410135
-23.30668421767272	1642.305805410135
-32.54824615663143	1633.0642434711763
-41.78980809559014	1623.8226815322175
-51.03137003454884	1614.581119593259
-60.27293197350755	1605.3395576543003
-60.27293197350755	1596.0979957153415
-69.51449391246626	1586.8564337763828
-69.51449391246626	1577.614871837424
-78.75605585142496	1568.3733098984653
-78.75605585142496	1559.1317479595066
-78.75605585142496	1549.890186020548
-87.99761779038367	1540.6486240815893
-97.23917972934238	1531.4070621426306
-106.48074166830109	1522.1655002036719
-115.72230360725979	1512.9239382647131
-124.9638655462185	1503.6823763257544
-134.2054274851772	1494.4408143867956
-143.44698942413592	1485.1992524478371
-152.68855136309463	1485.1992524478371
-161.93011330205334	1475.9576905088784
-171.17167524101203	1466.7161285699196
-180.41323717997074	1457.474566630961
-189.65479911892945	1448.2330046920022
-198.89636105788816	1438.9914427530434
-208.13792299684687	1429.7498808140847
-217.37948493580558	1420.5083188751262
-226.6210468747643	1411.2667569361674
-235.862608813723	1402.0251949972087
-245.10417075268168	1392.78363305825
-254.3457326916404	1383.5420711192912
-263.5872946305991	1374.3005091803325
-272.82885656955784	1365.0589472413737
-282.0704185085165	1355.817385302415
-282.0704185085165	1346.5758233634565
-291.3119804474752	1337.3342614244978
-300.55354238643395	1337.3342614244978
-309.79510432539263	1328.092699485539
-319.03666626435137	1328.092699485539
-328.27822820331005	1318.8511375465803
-337.5197901422688	1318.8511375465803
-346.76135208122747	1309.6095756076215
-356.00291402018615	1300.3680136686628
-365.2444759591449	1300.3680136686628
-374.4860378981036	1291.126451729704
-383.7275998370623	1291.126451729704
-392.969161776021	1281.8848897907455
-402.21072371497974	1281.8848897907455
-411.4522856539384	1272.6433278517868
-420.69384759289716	1263.401765912828
-429.93540953185584	1263.401765912828
-439.1769714708145	1254.1602039738693
-448.41853340977326	1254.1602039738693
