# particle morphology
# using file: 28-05X-H.png
#
#x/µm	y/µm
-479.5053683022111	1896.4561072620795
-489.6985366190428	1886.2629389452477
-499.8917049358745	1876.069770628416
-510.08487325270613	1865.8766023115843
-520.2780415695378	1855.6834339947527
-530.4712098863695	1855.6834339947527
-540.6643782032012	1845.4902656779211
-550.8575465200329	1835.2970973610893
-550.8575465200329	1825.1039290442577
-561.0507148368646	1814.910760727426
-561.0507148368646	1804.7175924105943
-571.2438831536963	1794.5244240937627
-581.4370514705279	1784.331255776931
-591.6302197873596	1784.331255776931
-601.8233881041913	1774.1380874600993
-612.016556421023	1774.1380874600993
-622.2097247378547	1763.9449191432675
-632.4028930546864	1753.751750826436
-642.596061371518	1743.558582509604
-652.7892296883497	1733.3654141927725
-662.9823980051814	1723.172245875941
-673.1755663220131	1712.979077559109
-683.3687346388448	1702.7859092422775
-693.5619029556765	1692.5927409254457
-703.7550712725081	1682.399572608614
-713.9482395893398	1682.399572608614
-724.1414079061715	1672.2064042917825
-734.3345762230032	1662.0132359749507
-744.5277445398349	1651.8200676581191
-754.7209128566666	1641.6268993412873
-764.9140811734982	1641.6268993412873
-775.1072494903299	1631.4337310244557
-785.3004178071616	1621.240562707624
-795.4935861239933	1611.0473943907923
-805.686754440825	1600.8542260739607
-815.8799227576566	1600.8542260739607
-826.0730910744883	1600.8542260739607
-836.26625939132	1600.8542260739607
-846.4594277081517	1600.8542260739607
-856.6525960249834	1590.661057757129
-856.6525960249834	1580.4678894402973
-866.8457643418151	1570.2747211234655
-877.0389326586467	1570.2747211234655
-887.2321009754784	1560.081552806634
-897.4252692923101	1549.8883844898023
-907.6184376091418	1539.6952161729705
-917.8116059259735	1529.502047856139
-928.0047742428052	1529.502047856139
-938.1979425596368	1529.502047856139
-948.3911108764685	1519.308879539307
-958.5842791933002	1519.308879539307
-968.7774475101319	1519.308879539307
-978.9706158269636	1509.1157112224755
-989.1637841437953	1509.1157112224755
-999.3569524606269	1509.1157112224755
-1009.5501207774586	1498.922542905644
-1019.7432890942903	1498.922542905644
-1029.9364574111219	1488.729374588812
-1040.1296257279537	1488.729374588812
-1050.3227940447853	1488.729374588812
-1060.515962361617	1478.5362062719805
-1070.7091306784487	1478.5362062719805
-1080.9022989952805	1468.3430379551487
-1091.095467312112	1478.5362062719805
-1101.2886356289437	1468.3430379551487
-1111.4818039457755	1478.5362062719805
-1121.674972262607	1478.5362062719805
-1131.868140579439	1478.5362062719805
-1142.0613088962705	1478.5362062719805
-1152.254477213102	1478.5362062719805
-1162.4476455299339	1468.3430379551487
-1172.6408138467655	1458.149869638317
-1172.6408138467655	1447.9567013214853
-1182.8339821635973	1437.7635330046537
-1182.8339821635973	1427.5703646878221
-1193.0271504804289	1417.3771963709903
-1193.0271504804289	1407.1840280541587
-1193.0271504804289	1396.990859737327
-1203.2203187972605	1386.7976914204953
-1203.2203187972605	1376.6045231036637
-1213.4134871140923	1366.411354786832
-1213.4134871140923	1356.2181864700003
-1213.4134871140923	1346.0250181531685
-1223.6066554309239	1335.831849836337
-1223.6066554309239	1325.638681519505
-1233.7998237477557	1315.4455132026735
-1233.7998237477557	1305.252344885842
-1243.9929920645873	1295.05917656901
-1254.186160381419	1284.8660082521785
-1264.3793286982507	1274.6728399353467
-1274.5724970150823	1264.479671618515
-1284.765665331914	1254.2865033016835
-1284.765665331914	1244.0933349848517
-1294.9588336487457	1233.9001666680201
-1305.1520019655775	1223.7069983511883
-1315.345170282409	1213.5138300343567
-1325.5383385992407	1203.3206617175251
-1335.7315069160725	1193.1274934006933
-1345.924675232904	1193.1274934006933
-1345.924675232904	1182.9343250838617
-1356.1178435497359	1172.74115676703
-1366.3110118665675	1162.5479884501983
-1376.5041801833993	1152.3548201333665
-1376.5041801833993	1142.161651816535
-1376.5041801833993	1131.9684834997033
-1386.6973485002309	1121.7753151828715
-1386.6973485002309	1111.58214686604
-1386.6973485002309	1101.388978549208
-1396.8905168170625	1091.1958102323765
-1407.0836851338943	1081.002641915545
-1407.0836851338943	1070.809473598713
-1417.2768534507259	1060.6163052818815
-1417.2768534507259	1050.4231369650497
-1417.2768534507259	1040.2299686482181
-1427.4700217675577	1030.0368003313863
-1427.4700217675577	1019.8436320145547
-1427.4700217675577	1009.650463697723
-1437.6631900843893	999.4572953808913
-1437.6631900843893	989.2641270640597
-1447.8563584012209	979.070958747228
-1447.8563584012209	968.8777904303963
-1458.0495267180527	958.6846221135646
-1458.0495267180527	948.4914537967329
-1458.0495267180527	938.2982854799012
-1468.2426950348843	928.1051171630696
-1468.2426950348843	917.9119488462379
-1468.2426950348843	907.7187805294062
-1478.435863351716	897.5256122125745
-1478.435863351716	887.3324438957428
-1488.6290316685477	877.1392755789112
-1498.8221999853793	866.9461072620795
-1509.015368302211	856.7529389452478
-1509.015368302211	846.5597706284161
-1519.2085366190427	836.3666023115844
-1519.2085366190427	826.1734339947527
-1529.4017049358745	815.9802656779211
-1529.4017049358745	805.7870973610894
-1539.594873252706	795.5939290442577
-1539.594873252706	785.400760727426
-1549.7880415695379	775.2075924105943
-1559.9812098863695	765.0144240937626
-1570.174378203201	754.821255776931
-1570.174378203201	744.6280874600993
-1580.3675465200329	734.4349191432676
-1590.5607148368645	724.2417508264359
-1600.7538831536963	714.0485825096042
-1610.9470514705279	703.8554141927725
-1621.1402197873595	693.6622458759409
-1631.3333881041913	683.4690775591092
-1641.5265564210229	673.2759092422775
-1651.7197247378547	663.0827409254458
-1651.7197247378547	652.8895726086141
-1661.9128930546863	642.6964042917824
-1661.9128930546863	632.5032359749508
-1661.9128930546863	622.3100676581191
-1661.9128930546863	612.1168993412874
-1661.9128930546863	601.9237310244557
-1661.9128930546863	591.730562707624
-1672.106061371518	581.5373943907923
-1672.106061371518	571.3442260739607
-1672.106061371518	561.151057757129
-1672.106061371518	550.9578894402973
-1682.2992296883497	540.7647211234656
-1682.2992296883497	530.5715528066339
-1682.2992296883497	520.3783844898023
-1692.4923980051813	510.18521617297057
-1692.4923980051813	499.9920478561389
-1692.4923980051813	489.7988795393072
-1692.4923980051813	479.6057112224755
-1692.4923980051813	469.4125429056439
-1702.685566322013	459.2193745888122
-1702.685566322013	449.02620627198047
-1702.685566322013	438.8330379551488
-1712.8787346388447	428.6398696383171
-1712.8787346388447	418.4467013214854
-1723.0719029556765	408.2535330046538
-1723.0719029556765	398.0603646878221
-1723.0719029556765	387.8671963709904
-1723.0719029556765	377.6740280541587
-1733.265071272508	367.480859737327
-1733.265071272508	357.2876914204954
-1733.265071272508	347.0945231036637
-1733.265071272508	336.901354786832
-1723.0719029556765	326.7081864700003
-1723.0719029556765	316.5150181531686
-1723.0719029556765	306.3218498363369
-1733.265071272508	296.1286815195053
-1733.265071272508	285.9355132026736
-1743.4582395893397	275.7423448858419
-1743.4582395893397	265.5491765690102
-1753.6514079061715	255.35600825217853
-1753.6514079061715	245.16283993534685
-1763.844576223003	234.96967161851515
-1763.844576223003	224.77650330168348
-1763.844576223003	214.5833349848518
-1763.844576223003	204.3901666680201
-1763.844576223003	194.19699835118843
-1763.844576223003	184.00383003435675
-1774.0377445398349	173.81066171752505
-1774.0377445398349	163.61749340069338
-1774.0377445398349	153.4243250838617
-1774.0377445398349	143.23115676703003
-1774.0377445398349	133.03798845019833
-1774.0377445398349	122.84482013336665
-1774.0377445398349	112.65165181653497
-1784.2309128566665	102.45848349970329
-1784.2309128566665	92.2653151828716
-1784.2309128566665	82.07214686603992
-1784.2309128566665	71.87897854920824
-1794.424081173498	61.685810232376554
-1804.6172494903299	51.49264191554487
-1804.6172494903299	41.29947359871319
-1804.6172494903299	31.106305281881507
-1814.8104178071615	20.913136965049823
-1814.8104178071615	10.719968648218142
-1825.0035861239933	0.5268003313864585
-1835.1967544408249	-9.666367985445223
-1845.3899227576567	-19.859536302276908
-1855.5830910744883	-30.05270461910859
-1855.5830910744883	-40.24587293594027
-1865.7762593913199	-50.43904125277196
-1875.9694277081517	-60.63220956960364
-1886.1625960249833	-70.82537788643532
-1896.355764341815	-81.01854620326701
-1906.5489326586467	-91.21171452009868
-1906.5489326586467	-101.40488283693037
-1906.5489326586467	-111.59805115376206
-1916.7421009754783	-121.79121947059373
-1916.7421009754783	-131.98438778742542
-1926.93526929231	-142.1775561042571
-1926.93526929231	-152.3707244210888
-1937.1284376091417	-162.56389273792047
-1937.1284376091417	-172.75706105475214
-1937.1284376091417	-182.95022937158382
-1947.3216059259735	-193.14339768841552
-1947.3216059259735	-203.3365660052472
-1947.3216059259735	-213.52973432207887
-1957.514774242805	-223.72290263891057
-1957.514774242805	-233.91607095574224
-1957.514774242805	-244.10923927257392
-1957.514774242805	-254.30240758940562
-1957.514774242805	-264.49557590623726
-1967.7079425596369	-274.68874422306897
-1967.7079425596369	-284.88191253990067
-1967.7079425596369	-295.0750808567323
-1977.9011108764685	-305.268249173564
-1977.9011108764685	-315.4614174903957
-1988.0942791933	-325.65458580722736
-1998.2874475101319	-335.84775412405907
-1998.2874475101319	-346.04092244089077
-2008.4806158269635	-356.2340907577224
-2008.4806158269635	-366.4272590745541
-2008.4806158269635	-376.6204273913858
-2008.4806158269635	-386.81359570821746
-2018.6737841437953	-397.00676402504916
-2018.6737841437953	-407.19993234188087
-2018.6737841437953	-417.3931006587125
-2028.8669524606269	-427.5862689755442
-2039.0601207774585	-437.7794372923759
-2049.2532890942903	-447.97260560920756
-2049.2532890942903	-458.16577392603926
-2059.446457411122	-468.35894224287097
-2059.446457411122	-478.5521105597026
-2059.446457411122	-488.7452788765343
-2059.446457411122	-498.938447193366
-2059.446457411122	-509.13161551019766
-2059.446457411122	-519.3247838270294
-2059.446457411122	-529.5179521438611
-2049.2532890942903	-539.7111204606928
-2049.2532890942903	-549.9042887775244
-2049.2532890942903	-560.0974570943561
-2039.0601207774585	-570.2906254111878
-2039.0601207774585	-580.4837937280195
-2039.0601207774585	-590.6769620448512
-2028.8669524606269	-600.8701303616829
-2028.8669524606269	-611.0632986785145
-2018.6737841437953	-621.2564669953462
-2018.6737841437953	-631.4496353121779
-2008.4806158269635	-641.6428036290096
-2008.4806158269635	-651.8359719458413
-2008.4806158269635	-662.029140262673
-2008.4806158269635	-672.2223085795046
-2008.4806158269635	-682.4154768963363
-1998.2874475101319	-692.608645213168
-1998.2874475101319	-702.8018135299997
-1998.2874475101319	-712.9949818468314
-1998.2874475101319	-723.1881501636631
-1988.0942791933	-733.3813184804947
-1988.0942791933	-743.5744867973264
-1977.9011108764685	-753.7676551141581
-1977.9011108764685	-763.9608234309898
-1967.7079425596369	-774.1539917478215
-1967.7079425596369	-784.347160064653
-1957.514774242805	-794.5403283814848
-1947.3216059259735	-804.7334966983165
-1947.3216059259735	-814.9266650151482
-1937.1284376091417	-825.1198333319799
-1926.93526929231	-835.3130016488116
-1926.93526929231	-845.5061699656432
-1926.93526929231	-855.6993382824749
-1916.7421009754783	-865.8925065993066
-1916.7421009754783	-876.0856749161383
-1916.7421009754783	-886.27884323297
-1906.5489326586467	-896.4720115498017
-1906.5489326586467	-906.6651798666333
-1896.355764341815	-916.858348183465
-1886.1625960249833	-927.0515165002967
-1886.1625960249833	-937.2446848171284
-1875.9694277081517	-947.4378531339601
-1865.7762593913199	-957.6310214507918
-1855.5830910744883	-967.8241897676234
-1845.3899227576567	-967.8241897676234
-1835.1967544408249	-978.017358084455
-1825.0035861239933	-978.017358084455
-1814.8104178071615	-978.017358084455
-1804.6172494903299	-988.2105264012868
-1794.424081173498	-988.2105264012868
-1784.2309128566665	-998.4036947181185
-1774.0377445398349	-1008.5968630349502
-1763.844576223003	-1008.5968630349502
-1753.6514079061715	-1018.7900313517819
-1743.4582395893397	-1028.9831996686135
-1733.265071272508	-1039.1763679854453
-1723.0719029556765	-1039.1763679854453
-1712.8787346388447	-1049.3695363022769
-1702.685566322013	-1059.5627046191084
-1692.4923980051813	-1069.7558729359403
-1682.2992296883497	-1069.7558729359403
-1672.106061371518	-1079.9490412527718
-1661.9128930546863	-1079.9490412527718
-1651.7197247378547	-1090.1422095696037
-1641.5265564210229	-1090.1422095696037
-1631.3333881041913	-1090.1422095696037
-1621.1402197873595	-1100.3353778864353
-1610.9470514705279	-1100.3353778864353
-1600.7538831536963	-1110.5285462032668
-1590.5607148368645	-1110.5285462032668
-1580.3675465200329	-1120.7217145200987
-1570.174378203201	-1120.7217145200987
-1559.9812098863695	-1130.9148828369302
-1549.7880415695379	-1130.9148828369302
-1539.594873252706	-1141.108051153762
-1529.4017049358745	-1141.108051153762
-1519.2085366190427	-1151.3012194705937
-1509.015368302211	-1161.4943877874255
-1498.8221999853793	-1171.687556104257
-1488.6290316685477	-1181.8807244210886
-1488.6290316685477	-1192.0738927379205
-1478.435863351716	-1202.267061054752
-1468.2426950348843	-1202.267061054752
-1458.0495267180527	-1212.4602293715839
-1447.8563584012209	-1212.4602293715839
-1437.6631900843893	-1222.6533976884155
-1427.4700217675577	-1222.6533976884155
-1417.2768534507259	-1232.846566005247
-1407.0836851338943	-1243.0397343220789
-1396.8905168170625	-1253.2329026389104
-1386.6973485002309	-1253.2329026389104
-1376.5041801833993	-1253.2329026389104
-1366.3110118665675	-1263.4260709557423
-1356.1178435497359	-1263.4260709557423
-1345.924675232904	-1273.6192392725739
-1335.7315069160725	-1273.6192392725739
-1325.5383385992407	-1283.8124075894057
-1315.345170282409	-1294.0055759062373
-1305.1520019655775	-1304.1987442230688
-1294.9588336487457	-1314.3919125399007
-1284.765665331914	-1314.3919125399007
-1274.5724970150823	-1324.5850808567322
-1264.3793286982507	-1324.5850808567322
-1254.186160381419	-1334.778249173564
-1243.9929920645873	-1344.9714174903957
-1233.7998237477557	-1344.9714174903957
-1223.6066554309239	-1355.1645858072272
-1213.4134871140923	-1365.357754124059
-1203.2203187972605	-1365.357754124059
-1193.0271504804289	-1375.5509224408906
-1182.8339821635973	-1375.5509224408906
-1172.6408138467655	-1385.7440907577225
-1162.4476455299339	-1385.7440907577225
-1152.254477213102	-1395.937259074554
-1142.0613088962705	-1406.1304273913856
-1142.0613088962705	-1416.3235957082175
-1131.868140579439	-1416.3235957082175
-1121.674972262607	-1416.3235957082175
-1111.4818039457755	-1406.1304273913856
-1101.2886356289437	-1406.1304273913856
-1091.095467312112	-1416.3235957082175
-1080.9022989952805	-1426.516764025049
-1070.7091306784487	-1436.7099323418809
-1060.515962361617	-1436.7099323418809
-1050.3227940447853	-1446.9031006587124
-1040.1296257279537	-1446.9031006587124
-1029.9364574111219	-1457.0962689755443
-1019.7432890942903	-1467.2894372923759
-1009.5501207774586	-1467.2894372923759
-999.3569524606269	-1477.4826056092074
-989.1637841437953	-1487.6757739260393
-978.9706158269636	-1497.8689422428708
-968.7774475101319	-1508.0621105597027
-958.5842791933002	-1518.2552788765342
-958.5842791933002	-1528.4484471933658
-948.3911108764685	-1538.6416155101977
-938.1979425596368	-1538.6416155101977
-928.0047742428052	-1538.6416155101977
-917.8116059259735	-1548.8347838270292
-907.6184376091418	-1548.8347838270292
-897.4252692923101	-1559.027952143861
-887.2321009754784	-1569.2211204606926
-877.0389326586467	-1579.4142887775245
-866.8457643418151	-1579.4142887775245
-856.6525960249834	-1589.607457094356
-846.4594277081517	-1589.607457094356
-836.26625939132	-1599.8006254111876
-826.0730910744883	-1609.9937937280195
-815.8799227576566	-1609.9937937280195
-805.686754440825	-1620.186962044851
-795.4935861239933	-1630.3801303616829
-785.3004178071616	-1630.3801303616829
-775.1072494903299	-1630.3801303616829
-764.9140811734982	-1640.5732986785144
-754.7209128566666	-1640.5732986785144
-744.5277445398349	-1650.766466995346
-734.3345762230032	-1650.766466995346
-724.1414079061715	-1660.9596353121779
-713.9482395893398	-1660.9596353121779
-703.7550712725081	-1660.9596353121779
-693.5619029556765	-1671.1528036290094
-683.3687346388448	-1671.1528036290094
-673.1755663220131	-1681.3459719458413
-662.9823980051814	-1681.3459719458413
-652.7892296883497	-1691.5391402626728
-642.596061371518	-1691.5391402626728
-632.4028930546864	-1701.7323085795047
-622.2097247378547	-1701.7323085795047
-612.016556421023	-1701.7323085795047
-601.8233881041913	-1701.7323085795047
-591.6302197873596	-1701.7323085795047
-581.4370514705279	-1711.9254768963362
-571.2438831536963	-1722.1186452131678
-571.2438831536963	-1732.3118135299997
-561.0507148368646	-1732.3118135299997
-550.8575465200329	-1732.3118135299997
-540.6643782032012	-1732.3118135299997
-530.4712098863695	-1742.5049818468312
-520.2780415695378	-1742.5049818468312
-510.08487325270613	-1752.698150163663
-499.8917049358745	-1752.698150163663
-489.6985366190428	-1752.698150163663
-479.5053683022111	-1752.698150163663
-469.31219998537944	-1752.698150163663
-459.11903166854773	-1752.698150163663
-448.92586335171603	-1752.698150163663
-438.7326950348844	-1762.8913184804946
-428.5395267180527	-1773.0844867973262
-418.346358401221	-1773.0844867973262
-408.15319008438934	-1783.277655114158
-397.96002176755763	-1793.4708234309896
-387.76685345072593	-1793.4708234309896
-377.5736851338943	-1803.6639917478215
-367.3805168170626	-1813.857160064653
-357.1873485002309	-1824.0503283814846
-346.99418018339924	-1834.2434966983164
-336.80101186656753	-1844.436665015148
-326.60784354973583	-1854.6298333319799
-316.4146752329042	-1854.6298333319799
-306.2215069160725	-1864.8230016488114
-296.0283385992408	-1864.8230016488114
-285.83517028240914	-1875.0161699656433
-275.64200196557744	-1885.2093382824748
-265.4488336487458	-1895.4025065993064
-255.2556653319141	-1905.5956749161383
-245.06249701508239	-1915.7888432329698
-234.8693286982507	-1915.7888432329698
-224.67616038141904	-1925.9820115498017
-214.48299206458734	-1936.1751798666332
-204.28982374775566	-1936.1751798666332
-194.096655430924	-1946.3683481834648
-183.90348711409231	-1956.5615165002966
-173.7103187972606	-1966.7546848171282
-163.51715048042894	-1976.94785313396
-153.32398216359726	-1976.94785313396
-143.13081384676556	-1987.1410214507916
-132.9376455299339	-1987.1410214507916
-122.7444772131022	-1997.3341897676235
-112.55130889627053	-2007.527358084455
-102.35814057943884	-2017.7205264012866
-92.16497226260715	-2017.7205264012866
-81.97180394577548	-2017.7205264012866
-71.77863562894379	-2017.7205264012866
-61.58546731211211	-2027.9136947181184
-51.39229899528043	-2027.9136947181184
-41.199130678448746	-2027.9136947181184
-31.005962361617062	-2027.9136947181184
-20.812794044785377	-2027.9136947181184
-10.619625727953695	-2038.10686303495
-0.4264574111220125	-2038.10686303495
9.76671090570967	-2048.300031351782
19.959879222541353	-2048.300031351782
30.153047539373034	-2058.493199668613
40.346215856204715	-2058.493199668613
50.5393841730364	-2058.493199668613
60.732552489868084	-2068.686367985445
70.92572080669977	-2068.686367985445
81.11888912353145	-2058.493199668613
91.31205744036313	-2068.686367985445
101.50522575719481	-2068.686367985445
111.6983940740265	-2068.686367985445
121.89156239085818	-2078.879536302277
132.08473070768986	-2078.879536302277
142.27789902452153	-2078.879536302277
152.47106734135323	-2089.0727046191087
162.6642356581849	-2089.0727046191087
172.85740397501658	-2099.26587293594
183.05057229184828	-2099.26587293594
193.24374060867996	-2099.26587293594
203.43690892551163	-2109.459041252772
213.63007724234333	-2109.459041252772
223.823245559175	-2109.459041252772
234.01641387600668	-2109.459041252772
244.20958219283838	-2109.459041252772
254.40275050967006	-2109.459041252772
264.59591882650176	-2109.459041252772
274.7890871433334	-2109.459041252772
284.9822554601651	-2109.459041252772
295.1754237769968	-2109.459041252772
305.36859209382845	-2119.6522095696037
315.56176041066016	-2119.6522095696037
325.75492872749186	-2119.6522095696037
335.9480970443235	-2119.6522095696037
346.1412653611552	-2119.6522095696037
356.3344336779869	-2119.6522095696037
366.52760199481855	-2119.6522095696037
376.72077031165026	-2119.6522095696037
386.9139386284819	-2119.6522095696037
397.1071069453136	-2119.6522095696037
407.3002752621453	-2119.6522095696037
417.49344357897695	-2119.6522095696037
427.68661189580865	-2119.6522095696037
437.87978021264036	-2119.6522095696037
448.072948529472	-2119.6522095696037
458.2661168463037	-2119.6522095696037
468.4592851631354	-2129.845377886435
478.65245347996705	-2129.845377886435
488.84562179679875	-2129.845377886435
499.03879011363045	-2129.845377886435
509.2319584304621	-2129.845377886435
519.4251267472938	-2129.845377886435
529.6182950641255	-2119.6522095696037
539.8114633809572	-2119.6522095696037
550.0046316977888	-2119.6522095696037
560.1978000146205	-2119.6522095696037
570.3909683314522	-2119.6522095696037
580.5841366482839	-2119.6522095696037
590.7773049651156	-2109.459041252772
600.9704732819473	-2109.459041252772
611.1636415987789	-2109.459041252772
611.1636415987789	-2099.26587293594
621.3568099156106	-2089.0727046191087
631.5499782324423	-2089.0727046191087
641.743146549274	-2089.0727046191087
651.9363148661057	-2078.879536302277
662.1294831829374	-2078.879536302277
672.322651499769	-2078.879536302277
682.5158198166007	-2078.879536302277
692.7089881334324	-2078.879536302277
702.9021564502641	-2078.879536302277
713.0953247670958	-2078.879536302277
723.2884930839275	-2078.879536302277
733.4816614007591	-2078.879536302277
743.6748297175908	-2078.879536302277
753.8679980344225	-2078.879536302277
764.0611663512542	-2078.879536302277
774.2543346680859	-2078.879536302277
784.4475029849176	-2068.686367985445
794.6406713017492	-2068.686367985445
804.8338396185809	-2068.686367985445
815.0270079354126	-2068.686367985445
825.2201762522443	-2068.686367985445
835.413344569076	-2058.493199668613
845.6065128859077	-2058.493199668613
855.7996812027393	-2058.493199668613
865.992849519571	-2058.493199668613
876.1860178364027	-2058.493199668613
886.3791861532344	-2058.493199668613
896.5723544700661	-2058.493199668613
906.7655227868977	-2058.493199668613
916.9586911037294	-2048.300031351782
927.1518594205611	-2048.300031351782
937.3450277373928	-2048.300031351782
947.5381960542245	-2048.300031351782
957.7313643710562	-2048.300031351782
967.9245326878878	-2048.300031351782
978.1177010047195	-2048.300031351782
988.3108693215512	-2048.300031351782
998.5040376383829	-2038.10686303495
1008.6972059552146	-2038.10686303495
1018.8903742720463	-2038.10686303495
1029.083542588878	-2038.10686303495
1039.2767109057097	-2027.9136947181184
1049.4698792225413	-2027.9136947181184
1059.6630475393729	-2027.9136947181184
1069.8562158562047	-2017.7205264012866
1080.0493841730363	-2007.527358084455
1090.242552489868	-2007.527358084455
1100.4357208066997	-1997.3341897676235
1110.6288891235315	-1987.1410214507916
1120.822057440363	-1976.94785313396
1131.0152257571947	-1966.7546848171282
1141.2083940740265	-1956.5615165002966
1151.401562390858	-1946.3683481834648
1161.59473070769	-1936.1751798666332
1171.7878990245215	-1925.9820115498017
1181.981067341353	-1915.7888432329698
1192.174235658185	-1905.5956749161383
1192.174235658185	-1895.4025065993064
1202.3674039750165	-1885.2093382824748
1212.5605722918483	-1875.0161699656433
1212.5605722918483	-1864.8230016488114
1222.75374060868	-1854.6298333319799
1232.9469089255115	-1844.436665015148
1243.1400772423433	-1834.2434966983164
1253.3332455591749	-1824.0503283814846
1263.5264138760067	-1813.857160064653
1263.5264138760067	-1803.6639917478215
1273.7195821928383	-1793.4708234309896
1273.7195821928383	-1783.277655114158
1283.91275050967	-1773.0844867973262
1294.1059188265017	-1762.8913184804946
1294.1059188265017	-1752.698150163663
1304.2990871433333	-1742.5049818468312
1314.492255460165	-1732.3118135299997
1324.6854237769967	-1722.1186452131678
1324.6854237769967	-1711.9254768963362
1334.8785920938285	-1701.7323085795047
1334.8785920938285	-1691.5391402626728
1345.07176041066	-1681.3459719458413
1355.2649287274917	-1671.1528036290094
1365.4580970443235	-1660.9596353121779
1375.651265361155	-1650.766466995346
1385.844433677987	-1640.5732986785144
1396.0376019948185	-1630.3801303616829
1406.2307703116503	-1620.186962044851
1416.423938628482	-1609.9937937280195
1426.6171069453135	-1599.8006254111876
1436.8102752621453	-1589.607457094356
1436.8102752621453	-1579.4142887775245
1447.0034435789769	-1569.2211204606926
1447.0034435789769	-1559.027952143861
1447.0034435789769	-1548.8347838270292
1447.0034435789769	-1538.6416155101977
1447.0034435789769	-1528.4484471933658
1447.0034435789769	-1518.2552788765342
1447.0034435789769	-1508.0621105597027
1447.0034435789769	-1497.8689422428708
1447.0034435789769	-1487.6757739260393
1436.8102752621453	-1477.4826056092074
1436.8102752621453	-1467.2894372923759
1436.8102752621453	-1457.0962689755443
1426.6171069453135	-1446.9031006587124
1416.423938628482	-1436.7099323418809
1416.423938628482	-1426.516764025049
1406.2307703116503	-1426.516764025049
1396.0376019948185	-1416.3235957082175
1396.0376019948185	-1406.1304273913856
1385.844433677987	-1395.937259074554
1375.651265361155	-1385.7440907577225
1375.651265361155	-1375.5509224408906
1365.4580970443235	-1365.357754124059
1355.2649287274917	-1365.357754124059
1345.07176041066	-1355.1645858072272
1334.8785920938285	-1344.9714174903957
1324.6854237769967	-1344.9714174903957
1314.492255460165	-1334.778249173564
1304.2990871433333	-1324.5850808567322
1294.1059188265017	-1324.5850808567322
1283.91275050967	-1314.3919125399007
1273.7195821928383	-1304.1987442230688
1263.5264138760067	-1294.0055759062373
1253.3332455591749	-1283.8124075894057
1243.1400772423433	-1273.6192392725739
1243.1400772423433	-1263.4260709557423
1232.9469089255115	-1253.2329026389104
1222.75374060868	-1243.0397343220789
1212.5605722918483	-1232.846566005247
1202.3674039750165	-1222.6533976884155
1192.174235658185	-1212.4602293715839
1192.174235658185	-1202.267061054752
1181.981067341353	-1192.0738927379205
1171.7878990245215	-1192.0738927379205
1161.59473070769	-1181.8807244210886
1161.59473070769	-1171.687556104257
1151.401562390858	-1161.4943877874255
1141.2083940740265	-1151.3012194705937
1131.0152257571947	-1141.108051153762
1120.822057440363	-1130.9148828369302
1110.6288891235315	-1120.7217145200987
1110.6288891235315	-1110.5285462032668
1100.4357208066997	-1100.3353778864353
1090.242552489868	-1090.1422095696037
1090.242552489868	-1079.9490412527718
1080.0493841730363	-1069.7558729359403
1069.8562158562047	-1059.5627046191084
1059.6630475393729	-1049.3695363022769
1059.6630475393729	-1039.1763679854453
1049.4698792225413	-1028.9831996686135
1039.2767109057097	-1018.7900313517819
1039.2767109057097	-1008.5968630349502
1029.083542588878	-998.4036947181185
1018.8903742720463	-988.2105264012868
1018.8903742720463	-978.017358084455
1008.6972059552146	-967.8241897676234
1008.6972059552146	-957.6310214507918
998.5040376383829	-947.4378531339601
988.3108693215512	-937.2446848171284
978.1177010047195	-927.0515165002967
967.9245326878878	-916.858348183465
957.7313643710562	-906.6651798666333
957.7313643710562	-896.4720115498017
947.5381960542245	-886.27884323297
947.5381960542245	-876.0856749161383
947.5381960542245	-865.8925065993066
937.3450277373928	-855.6993382824749
937.3450277373928	-845.5061699656432
937.3450277373928	-835.3130016488116
927.1518594205611	-825.1198333319799
916.9586911037294	-814.9266650151482
916.9586911037294	-804.7334966983165
906.7655227868977	-794.5403283814848
906.7655227868977	-784.347160064653
906.7655227868977	-774.1539917478215
896.5723544700661	-763.9608234309898
896.5723544700661	-753.7676551141581
896.5723544700661	-743.5744867973264
886.3791861532344	-733.3813184804947
876.1860178364027	-723.1881501636631
876.1860178364027	-712.9949818468314
865.992849519571	-702.8018135299997
855.7996812027393	-692.608645213168
845.6065128859077	-682.4154768963363
845.6065128859077	-672.2223085795046
835.413344569076	-662.029140262673
825.2201762522443	-651.8359719458413
815.0270079354126	-641.6428036290096
804.8338396185809	-631.4496353121779
804.8338396185809	-621.2564669953462
794.6406713017492	-611.0632986785145
784.4475029849176	-600.8701303616829
774.2543346680859	-590.6769620448512
774.2543346680859	-580.4837937280195
764.0611663512542	-570.2906254111878
764.0611663512542	-560.0974570943561
764.0611663512542	-549.9042887775244
753.8679980344225	-539.7111204606928
743.6748297175908	-529.5179521438611
733.4816614007591	-519.3247838270294
733.4816614007591	-509.13161551019766
733.4816614007591	-498.938447193366
723.2884930839275	-488.7452788765343
723.2884930839275	-478.5521105597026
723.2884930839275	-468.35894224287097
713.0953247670958	-458.16577392603926
713.0953247670958	-447.97260560920756
702.9021564502641	-437.7794372923759
692.7089881334324	-427.5862689755442
692.7089881334324	-417.3931006587125
682.5158198166007	-407.19993234188087
682.5158198166007	-397.00676402504916
672.322651499769	-386.81359570821746
662.1294831829374	-376.6204273913858
651.9363148661057	-366.4272590745541
651.9363148661057	-356.2340907577224
651.9363148661057	-346.04092244089077
651.9363148661057	-335.84775412405907
651.9363148661057	-325.65458580722736
641.743146549274	-315.4614174903957
641.743146549274	-305.268249173564
641.743146549274	-295.0750808567323
631.5499782324423	-284.88191253990067
631.5499782324423	-274.68874422306897
631.5499782324423	-264.49557590623726
621.3568099156106	-254.30240758940562
621.3568099156106	-244.10923927257392
621.3568099156106	-233.91607095574224
621.3568099156106	-223.72290263891057
621.3568099156106	-213.52973432207887
611.1636415987789	-203.3365660052472
611.1636415987789	-193.14339768841552
611.1636415987789	-182.95022937158382
600.9704732819473	-172.75706105475214
600.9704732819473	-162.56389273792047
600.9704732819473	-152.3707244210888
600.9704732819473	-142.1775561042571
600.9704732819473	-131.98438778742542
590.7773049651156	-121.79121947059373
590.7773049651156	-111.59805115376206
590.7773049651156	-101.40488283693037
590.7773049651156	-91.21171452009868
600.9704732819473	-81.01854620326701
600.9704732819473	-70.82537788643532
600.9704732819473	-60.63220956960364
600.9704732819473	-50.43904125277196
600.9704732819473	-40.24587293594027
600.9704732819473	-30.05270461910859
590.7773049651156	-19.859536302276908
590.7773049651156	-9.666367985445223
590.7773049651156	0.5268003313864585
590.7773049651156	10.719968648218142
600.9704732819473	20.913136965049823
600.9704732819473	31.106305281881507
600.9704732819473	41.29947359871319
600.9704732819473	51.49264191554487
590.7773049651156	61.685810232376554
590.7773049651156	71.87897854920824
590.7773049651156	82.07214686603992
590.7773049651156	92.2653151828716
590.7773049651156	102.45848349970329
580.5841366482839	112.65165181653497
580.5841366482839	122.84482013336665
580.5841366482839	133.03798845019833
580.5841366482839	143.23115676703003
570.3909683314522	153.4243250838617
570.3909683314522	163.61749340069338
560.1978000146205	173.81066171752505
560.1978000146205	184.00383003435675
560.1978000146205	194.19699835118843
550.0046316977888	204.3901666680201
550.0046316977888	214.5833349848518
550.0046316977888	224.77650330168348
560.1978000146205	234.96967161851515
560.1978000146205	245.16283993534685
570.3909683314522	255.35600825217853
580.5841366482839	265.5491765690102
590.7773049651156	275.7423448858419
590.7773049651156	285.9355132026736
590.7773049651156	296.1286815195053
600.9704732819473	306.3218498363369
611.1636415987789	316.5150181531686
621.3568099156106	326.7081864700003
631.5499782324423	336.901354786832
641.743146549274	336.901354786832
651.9363148661057	347.0945231036637
662.1294831829374	357.2876914204954
662.1294831829374	367.480859737327
672.322651499769	377.6740280541587
682.5158198166007	387.8671963709904
692.7089881334324	387.8671963709904
702.9021564502641	398.0603646878221
713.0953247670958	398.0603646878221
723.2884930839275	398.0603646878221
733.4816614007591	398.0603646878221
743.6748297175908	398.0603646878221
753.8679980344225	398.0603646878221
764.0611663512542	408.2535330046538
774.2543346680859	408.2535330046538
784.4475029849176	418.4467013214854
794.6406713017492	428.6398696383171
804.8338396185809	428.6398696383171
815.0270079354126	438.8330379551488
825.2201762522443	438.8330379551488
835.413344569076	438.8330379551488
845.6065128859077	438.8330379551488
855.7996812027393	449.02620627198047
865.992849519571	449.02620627198047
876.1860178364027	449.02620627198047
886.3791861532344	449.02620627198047
896.5723544700661	449.02620627198047
906.7655227868977	438.8330379551488
916.9586911037294	438.8330379551488
927.1518594205611	449.02620627198047
937.3450277373928	449.02620627198047
947.5381960542245	449.02620627198047
957.7313643710562	449.02620627198047
967.9245326878878	449.02620627198047
978.1177010047195	449.02620627198047
988.3108693215512	438.8330379551488
998.5040376383829	449.02620627198047
1008.6972059552146	459.2193745888122
1018.8903742720463	459.2193745888122
1029.083542588878	459.2193745888122
1039.2767109057097	459.2193745888122
1049.4698792225413	459.2193745888122
1059.6630475393729	469.4125429056439
1069.8562158562047	479.6057112224755
1080.0493841730363	479.6057112224755
1090.242552489868	489.7988795393072
1100.4357208066997	489.7988795393072
1110.6288891235315	489.7988795393072
1120.822057440363	489.7988795393072
1131.0152257571947	479.6057112224755
1141.2083940740265	489.7988795393072
1151.401562390858	489.7988795393072
1161.59473070769	489.7988795393072
1171.7878990245215	489.7988795393072
1181.981067341353	489.7988795393072
1192.174235658185	489.7988795393072
1202.3674039750165	489.7988795393072
1212.5605722918483	489.7988795393072
1222.75374060868	489.7988795393072
1232.9469089255115	489.7988795393072
1243.1400772423433	489.7988795393072
1253.3332455591749	489.7988795393072
1263.5264138760067	499.9920478561389
1273.7195821928383	489.7988795393072
1283.91275050967	489.7988795393072
1294.1059188265017	489.7988795393072
1304.2990871433333	489.7988795393072
1314.492255460165	499.9920478561389
1324.6854237769967	499.9920478561389
1334.8785920938285	499.9920478561389
1345.07176041066	499.9920478561389
1355.2649287274917	510.18521617297057
1365.4580970443235	510.18521617297057
1375.651265361155	510.18521617297057
1385.844433677987	510.18521617297057
1396.0376019948185	510.18521617297057
1406.2307703116503	510.18521617297057
1416.423938628482	520.3783844898023
1426.6171069453135	520.3783844898023
1436.8102752621453	530.5715528066339
1447.0034435789769	540.7647211234656
1457.1966118958087	550.9578894402973
1467.3897802126403	561.151057757129
1477.5829485294719	571.3442260739607
1487.7761168463037	581.5373943907923
1497.9692851631353	591.730562707624
1508.162453479967	601.9237310244557
1518.3556217967987	612.1168993412874
1528.5487901136303	612.1168993412874
1538.741958430462	622.3100676581191
1548.9351267472937	622.3100676581191
1559.1282950641255	632.5032359749508
1569.321463380957	642.6964042917824
1579.514631697789	652.8895726086141
1579.514631697789	663.0827409254458
1579.514631697789	673.2759092422775
1589.7078000146205	683.4690775591092
1599.900968331452	693.6622458759409
1599.900968331452	703.8554141927725
1610.094136648284	714.0485825096042
1620.2873049651155	724.2417508264359
1630.4804732819473	734.4349191432676
1640.6736415987789	744.6280874600993
1650.8668099156105	754.821255776931
1661.0599782324423	765.0144240937626
1671.2531465492739	775.2075924105943
1681.4463148661057	775.2075924105943
1691.6394831829373	785.400760727426
1701.832651499769	785.400760727426
1712.0258198166007	795.5939290442577
1722.2189881334323	805.7870973610894
1722.2189881334323	815.9802656779211
1722.2189881334323	826.1734339947527
1722.2189881334323	836.3666023115844
1722.2189881334323	846.5597706284161
1732.412156450264	856.7529389452478
1732.412156450264	866.9461072620795
1742.6053247670957	877.1392755789112
1742.6053247670957	887.3324438957428
1752.7984930839275	897.5256122125745
1752.7984930839275	907.7187805294062
1762.991661400759	917.9119488462379
1762.991661400759	928.1051171630696
1773.1848297175907	938.2982854799012
1783.3779980344225	948.4914537967329
1783.3779980344225	958.6846221135646
1783.3779980344225	968.8777904303963
1773.1848297175907	979.070958747228
1773.1848297175907	989.2641270640597
1773.1848297175907	999.4572953808913
1773.1848297175907	1009.650463697723
1773.1848297175907	1019.8436320145547
1783.3779980344225	1030.0368003313863
1783.3779980344225	1040.2299686482181
1783.3779980344225	1050.4231369650497
1783.3779980344225	1060.6163052818815
1783.3779980344225	1070.809473598713
1783.3779980344225	1081.002641915545
1783.3779980344225	1091.1958102323765
1783.3779980344225	1101.388978549208
1783.3779980344225	1111.58214686604
1783.3779980344225	1121.7753151828715
1783.3779980344225	1131.9684834997033
1783.3779980344225	1142.161651816535
1783.3779980344225	1152.3548201333665
1783.3779980344225	1162.5479884501983
1783.3779980344225	1172.74115676703
1783.3779980344225	1182.9343250838617
1773.1848297175907	1193.1274934006933
1762.991661400759	1203.3206617175251
1762.991661400759	1213.5138300343567
1762.991661400759	1223.7069983511883
1752.7984930839275	1233.9001666680201
1752.7984930839275	1244.0933349848517
1742.6053247670957	1254.2865033016835
1732.412156450264	1264.479671618515
1722.2189881334323	1274.6728399353467
1722.2189881334323	1284.8660082521785
1712.0258198166007	1295.05917656901
1712.0258198166007	1305.252344885842
1701.832651499769	1315.4455132026735
1701.832651499769	1325.638681519505
1691.6394831829373	1335.831849836337
1681.4463148661057	1346.0250181531685
1671.2531465492739	1356.2181864700003
1661.0599782324423	1366.411354786832
1650.8668099156105	1366.411354786832
1640.6736415987789	1376.6045231036637
1630.4804732819473	1376.6045231036637
1620.2873049651155	1386.7976914204953
1610.094136648284	1386.7976914204953
1599.900968331452	1396.990859737327
1589.7078000146205	1396.990859737327
1579.514631697789	1407.1840280541587
1569.321463380957	1417.3771963709903
1559.1282950641255	1427.5703646878221
1548.9351267472937	1437.7635330046537
1538.741958430462	1447.9567013214853
1528.5487901136303	1458.149869638317
1518.3556217967987	1468.3430379551487
1508.162453479967	1478.5362062719805
1497.9692851631353	1488.729374588812
1487.7761168463037	1498.922542905644
1477.5829485294719	1509.1157112224755
1467.3897802126403	1519.308879539307
1457.1966118958087	1529.502047856139
1447.0034435789769	1539.6952161729705
1436.8102752621453	1549.8883844898023
1426.6171069453135	1560.081552806634
1426.6171069453135	1570.2747211234655
1416.423938628482	1570.2747211234655
1406.2307703116503	1580.4678894402973
1396.0376019948185	1580.4678894402973
1385.844433677987	1590.661057757129
1375.651265361155	1600.8542260739607
1365.4580970443235	1611.0473943907923
1355.2649287274917	1621.240562707624
1345.07176041066	1631.4337310244557
1334.8785920938285	1641.6268993412873
1324.6854237769967	1651.8200676581191
1314.492255460165	1662.0132359749507
1304.2990871433333	1672.2064042917825
1294.1059188265017	1682.399572608614
1283.91275050967	1692.5927409254457
1273.7195821928383	1702.7859092422775
1263.5264138760067	1702.7859092422775
1253.3332455591749	1712.979077559109
1243.1400772423433	1712.979077559109
1232.9469089255115	1712.979077559109
1222.75374060868	1723.172245875941
1212.5605722918483	1723.172245875941
1202.3674039750165	1733.3654141927725
1192.174235658185	1733.3654141927725
1181.981067341353	1743.558582509604
1171.7878990245215	1753.751750826436
1161.59473070769	1753.751750826436
1151.401562390858	1763.9449191432675
1141.2083940740265	1774.1380874600993
1131.0152257571947	1784.331255776931
1120.822057440363	1794.5244240937627
1110.6288891235315	1794.5244240937627
1100.4357208066997	1804.7175924105943
1090.242552489868	1814.910760727426
1080.0493841730363	1825.1039290442577
1069.8562158562047	1835.2970973610893
1069.8562158562047	1845.4902656779211
1059.6630475393729	1855.6834339947527
1059.6630475393729	1865.8766023115843
1049.4698792225413	1876.069770628416
1049.4698792225413	1886.2629389452477
1039.2767109057097	1896.4561072620795
1029.083542588878	1896.4561072620795
1018.8903742720463	1906.649275578911
1008.6972059552146	1916.8424438957427
998.5040376383829	1916.8424438957427
988.3108693215512	1927.0356122125745
978.1177010047195	1937.228780529406
967.9245326878878	1937.228780529406
957.7313643710562	1947.421948846238
947.5381960542245	1957.6151171630695
937.3450277373928	1957.6151171630695
927.1518594205611	1967.8082854799013
916.9586911037294	1978.001453796733
906.7655227868977	1988.1946221135645
896.5723544700661	1988.1946221135645
886.3791861532344	1998.3877904303963
876.1860178364027	1998.3877904303963
865.992849519571	2008.580958747228
855.7996812027393	2018.7741270640597
845.6065128859077	2018.7741270640597
835.413344569076	2028.9672953808913
825.2201762522443	2039.160463697723
815.0270079354126	2039.160463697723
804.8338396185809	2049.3536320145545
794.6406713017492	2049.3536320145545
784.4475029849176	2059.5468003313863
774.2543346680859	2059.5468003313863
764.0611663512542	2069.739968648218
753.8679980344225	2079.93313696505
743.6748297175908	2079.93313696505
733.4816614007591	2090.1263052818813
723.2884930839275	2090.1263052818813
713.0953247670958	2100.319473598713
702.9021564502641	2100.319473598713
692.7089881334324	2110.512641915545
682.5158198166007	2110.512641915545
672.322651499769	2120.7058102323763
662.1294831829374	2120.7058102323763
651.9363148661057	2120.7058102323763
641.743146549274	2130.898978549208
631.5499782324423	2130.898978549208
621.3568099156106	2130.898978549208
611.1636415987789	2120.7058102323763
600.9704732819473	2120.7058102323763
590.7773049651156	2130.898978549208
580.5841366482839	2120.7058102323763
570.3909683314522	2130.898978549208
560.1978000146205	2130.898978549208
550.0046316977888	2130.898978549208
539.8114633809572	2130.898978549208
529.6182950641255	2130.898978549208
519.4251267472938	2130.898978549208
509.2319584304621	2130.898978549208
499.03879011363045	2130.898978549208
488.84562179679875	2130.898978549208
478.65245347996705	2130.898978549208
468.4592851631354	2130.898978549208
458.2661168463037	2130.898978549208
448.072948529472	2130.898978549208
437.87978021264036	2141.09214686604
427.68661189580865	2141.09214686604
417.49344357897695	2141.09214686604
407.3002752621453	2141.09214686604
397.1071069453136	2141.09214686604
386.9139386284819	2141.09214686604
376.72077031165026	2141.09214686604
366.52760199481855	2141.09214686604
356.3344336779869	2141.09214686604
346.1412653611552	2141.09214686604
335.9480970443235	2141.09214686604
325.75492872749186	2141.09214686604
315.56176041066016	2141.09214686604
305.36859209382845	2141.09214686604
295.1754237769968	2141.09214686604
284.9822554601651	2141.09214686604
274.7890871433334	2141.09214686604
264.59591882650176	2130.898978549208
254.40275050967006	2130.898978549208
244.20958219283838	2130.898978549208
234.01641387600668	2130.898978549208
223.823245559175	2130.898978549208
213.63007724234333	2130.898978549208
203.43690892551163	2130.898978549208
193.24374060867996	2130.898978549208
183.05057229184828	2130.898978549208
172.85740397501658	2130.898978549208
162.6642356581849	2130.898978549208
152.47106734135323	2130.898978549208
142.27789902452153	2130.898978549208
132.08473070768986	2130.898978549208
121.89156239085818	2130.898978549208
111.6983940740265	2130.898978549208
101.50522575719481	2130.898978549208
91.31205744036313	2130.898978549208
81.11888912353145	2130.898978549208
70.92572080669977	2130.898978549208
60.732552489868084	2130.898978549208
50.5393841730364	2130.898978549208
40.346215856204715	2130.898978549208
30.153047539373034	2120.7058102323763
19.959879222541353	2120.7058102323763
9.76671090570967	2120.7058102323763
-0.4264574111220125	2110.512641915545
-10.619625727953695	2110.512641915545
-20.812794044785377	2110.512641915545
-31.005962361617062	2110.512641915545
-41.199130678448746	2110.512641915545
-51.39229899528043	2100.319473598713
-61.58546731211211	2100.319473598713
-71.77863562894379	2100.319473598713
-81.97180394577548	2100.319473598713
-92.16497226260715	2090.1263052818813
-102.35814057943884	2090.1263052818813
-112.55130889627053	2079.93313696505
-122.7444772131022	2079.93313696505
-132.9376455299339	2069.739968648218
-143.13081384676556	2059.5468003313863
-153.32398216359726	2059.5468003313863
-163.51715048042894	2049.3536320145545
-173.7103187972606	2049.3536320145545
-183.90348711409231	2039.160463697723
-194.096655430924	2039.160463697723
-204.28982374775566	2028.9672953808913
-214.48299206458734	2028.9672953808913
-224.67616038141904	2018.7741270640597
-234.8693286982507	2008.580958747228
-245.06249701508239	1998.3877904303963
-255.2556653319141	1998.3877904303963
-265.4488336487458	1988.1946221135645
-275.64200196557744	1988.1946221135645
-285.83517028240914	1978.001453796733
-296.0283385992408	1978.001453796733
-306.2215069160725	1967.8082854799013
-316.4146752329042	1967.8082854799013
-326.60784354973583	1967.8082854799013
-336.80101186656753	1967.8082854799013
-346.99418018339924	1957.6151171630695
-357.1873485002309	1957.6151171630695
-367.3805168170626	1947.421948846238
-377.5736851338943	1947.421948846238
-387.76685345072593	1937.228780529406
-397.96002176755763	1937.228780529406
-408.15319008438934	1927.0356122125745
-418.346358401221	1916.8424438957427
-428.5395267180527	1916.8424438957427
-438.7326950348844	1916.8424438957427
-448.92586335171603	1906.649275578911
-459.11903166854773	1906.649275578911
-469.31219998537944	1896.4561072620795
