# particle morphology
# using file: 37-05X-H.png
#
#x/µm	y/µm
-376.41618563955893	1345.234106508264
-385.6674064654117	1335.9828856824113
-394.9186272912645	1335.9828856824113
-404.1698481171173	1326.7316648565584
-413.42106894297007	1326.7316648565584
-422.67228976882285	1326.7316648565584
-431.92351059467563	1326.7316648565584
-441.1747314205284	1326.7316648565584
-450.4259522463812	1317.4804440307057
-459.677173072234	1317.4804440307057
-468.92839389808677	1317.4804440307057
-478.17961472393955	1317.4804440307057
-487.43083554979233	1308.2292232048528
-496.6820563756451	1308.2292232048528
-505.9332772014979	1298.9780023790001
-515.1844980273507	1298.9780023790001
-524.4357188532035	1298.9780023790001
-533.6869396790563	1289.7267815531472
-542.9381605049091	1289.7267815531472
-552.1893813307619	1289.7267815531472
-561.4406021566147	1289.7267815531472
-570.6918229824674	1280.4755607272946
-579.9430438083202	1280.4755607272946
-589.194264634173	1271.2243399014417
-598.4454854600258	1271.2243399014417
-607.6967062858786	1261.973119075589
-616.9479271117314	1261.973119075589
-626.1991479375841	1261.973119075589
-635.4503687634369	1261.973119075589
-644.7015895892897	1252.7218982497361
-653.9528104151425	1252.7218982497361
-663.2040312409953	1252.7218982497361
-672.4552520668481	1243.4706774238834
-681.7064728927008	1234.2194565980305
-690.9576937185536	1224.9682357721779
-700.2089145444064	1224.9682357721779
-709.4601353702592	1215.717014946325
-718.711356196112	1206.4657941204723
-727.9625770219648	1197.2145732946194
-737.2137978478175	1197.2145732946194
-746.4650186736703	1197.2145732946194
-755.7162394995231	1187.9633524687667
-764.9674603253759	1187.9633524687667
-774.2186811512287	1187.9633524687667
-783.4699019770815	1187.9633524687667
-792.7211228029342	1178.7121316429138
-801.972343628787	1178.7121316429138
-811.2235644546398	1169.4609108170612
-820.4747852804926	1160.2096899912083
-829.7260061063454	1160.2096899912083
-838.9772269321982	1150.9584691653556
-848.228447758051	1141.7072483395027
-857.4796685839037	1132.45602751365
-866.7308894097565	1123.2048066877971
-875.9821102356093	1113.9535858619445
-885.2333310614621	1113.9535858619445
-894.4845518873149	1113.9535858619445
-903.7357727131676	1104.7023650360916
-912.9869935390204	1104.7023650360916
-922.2382143648732	1095.451144210239
-931.489435190726	1086.199923384386
-940.7406560165788	1086.199923384386
-949.9918768424316	1076.9487025585333
-959.2430976682843	1067.6974817326804
-968.4943184941371	1058.4462609068278
-977.7455393199899	1049.1950400809749
-986.9967601458427	1039.9438192551222
-996.2479809716955	1030.6925984292693
-1005.4992017975483	1030.6925984292693
-1014.750422623401	1030.6925984292693
-1024.0016434492538	1030.6925984292693
-1033.2528642751065	1030.6925984292693
-1042.5040851009594	1021.4413776034166
-1051.755305926812	1021.4413776034166
-1061.006526752665	1012.1901567775639
-1070.2577475785176	1012.1901567775639
-1079.5089684043705	1002.9389359517111
-1079.5089684043705	993.6877151258583
-1088.7601892302232	984.4364943000055
-1098.011410056076	975.1852734741527
-1107.2626308819288	965.9340526482999
-1116.5138517077817	956.6828318224472
-1125.7650725336343	947.4316109965944
-1135.0162933594872	947.4316109965944
-1144.26751418534	938.1803901707416
-1153.5187350111928	928.9291693448888
-1162.7699558370455	919.677948519036
-1172.0211766628984	919.677948519036
-1181.272397488751	910.4267276931832
-1190.523618314604	901.1755068673305
-1199.7748391404566	891.9242860414777
-1209.0260599663095	882.6730652156249
-1218.2772807921622	882.6730652156249
-1227.528501618015	873.4218443897721
-1236.7797224438677	864.1706235639193
-1246.0309432697206	864.1706235639193
-1255.2821640955733	854.9194027380665
-1264.5333849214262	845.6681819122138
-1273.7846057472789	836.416961086361
-1273.7846057472789	827.1657402605082
-1283.0358265731318	817.9145194346554
-1292.2870473989844	808.6632986088026
-1301.5382682248373	808.6632986088026
-1310.78948905069	799.4120777829498
-1320.040709876543	790.160856957097
-1329.2919307023956	780.9096361312443
-1338.5431515282485	771.6584153053915
-1347.7943723541011	762.4071944795387
-1357.045593179954	753.1559736536859
-1357.045593179954	743.9047528278331
-1366.2968140058067	734.6535320019804
-1375.5480348316596	725.4023111761276
-1384.7992556575123	725.4023111761276
-1394.0504764833652	716.1510903502748
-1403.3016973092178	716.1510903502748
-1412.5529181350707	706.899869524422
-1421.8041389609234	697.6486486985692
-1431.0553597867763	688.3974278727164
-1440.306580612629	679.1462070468637
-1449.5578014384819	679.1462070468637
-1458.8090222643345	669.8949862210109
-1468.0602430901874	669.8949862210109
-1477.31146391604	660.6437653951581
-1486.562684741893	660.6437653951581
-1495.8139055677457	651.3925445693053
-1505.0651263935986	651.3925445693053
-1514.3163472194512	642.1413237434525
-1523.5675680453041	632.8901029175997
-1532.8187888711568	623.638882091747
-1542.0700096970097	614.3876612658942
-1551.3212305228624	605.1364404400414
-1560.5724513487153	595.8852196141886
-1569.823672174568	586.6339987883358
-1579.0748930004208	577.382777962483
-1588.3261138262735	568.1315571366302
-1597.5773346521264	558.8803363107775
-1597.5773346521264	549.6291154849247
-1606.828555477979	540.3778946590719
-1616.079776303832	531.1266738332191
-1625.3309971296846	521.8754530073663
-1634.5822179555375	521.8754530073663
-1634.5822179555375	512.6242321815135
-1643.8334387813902	503.3730113556607
-1653.084659607243	494.1217905298079
-1662.3358804330958	484.87056970395514
-1662.3358804330958	475.61934887810236
-1671.5871012589487	466.3681280522496
-1671.5871012589487	457.1169072263968
-1671.5871012589487	447.865686400544
-1671.5871012589487	438.6144655746912
-1671.5871012589487	429.36324474883844
-1671.5871012589487	420.11202392298566
-1680.8383220848013	410.8608030971329
-1680.8383220848013	401.6095822712801
-1680.8383220848013	392.3583614454273
-1680.8383220848013	383.1071406195745
-1680.8383220848013	373.85591979372174
-1690.0895429106542	364.60469896786896
-1690.0895429106542	355.3534781420162
-1690.0895429106542	346.1022573161634
-1690.0895429106542	336.8510364903106
-1690.0895429106542	327.5998156644578
-1699.340763736507	318.34859483860504
-1699.340763736507	309.09737401275225
-1699.340763736507	299.84615318689947
-1699.340763736507	290.5949323610467
-1699.340763736507	281.3437115351939
-1699.340763736507	272.0924907093411
-1699.340763736507	262.84126988348834
-1699.340763736507	253.59004905763558
-1699.340763736507	244.3388282317828
-1699.340763736507	235.08760740593002
-1699.340763736507	225.83638658007723
-1699.340763736507	216.58516575422445
-1699.340763736507	207.33394492837166
-1690.0895429106542	198.08272410251888
-1690.0895429106542	188.8315032766661
-1690.0895429106542	179.5802824508133
-1690.0895429106542	170.32906162496053
-1680.8383220848013	161.07784079910775
-1680.8383220848013	151.82661997325496
-1671.5871012589487	142.57539914740218
-1671.5871012589487	133.3241783215494
-1671.5871012589487	124.07295749569661
-1671.5871012589487	114.82173666984383
-1662.3358804330958	105.57051584399105
-1662.3358804330958	96.31929501813826
-1662.3358804330958	87.06807419228548
-1662.3358804330958	77.8168533664327
-1662.3358804330958	68.56563254057991
-1662.3358804330958	59.31441171472712
-1653.084659607243	50.06319088887434
-1653.084659607243	40.811970063021555
-1653.084659607243	31.560749237168775
-1653.084659607243	22.30952841131599
-1653.084659607243	13.058307585463208
-1643.8334387813902	3.807086759610424
-1643.8334387813902	-5.444134066242359
-1643.8334387813902	-14.695354892095143
-1643.8334387813902	-23.946575717947926
-1643.8334387813902	-33.19779654380071
-1634.5822179555375	-42.4490173696535
-1634.5822179555375	-51.70023819550628
-1634.5822179555375	-60.951459021359064
-1634.5822179555375	-70.20267984721184
-1634.5822179555375	-79.45390067306462
-1625.3309971296846	-88.7051214989174
-1625.3309971296846	-97.95634232477019
-1625.3309971296846	-107.20756315062297
-1625.3309971296846	-116.45878397647576
-1616.079776303832	-125.71000480232854
-1616.079776303832	-134.96122562818132
-1616.079776303832	-144.2124464540341
-1616.079776303832	-153.4636672798869
-1606.828555477979	-162.71488810573967
-1606.828555477979	-171.96610893159246
-1606.828555477979	-181.21732975744524
-1597.5773346521264	-190.46855058329803
-1597.5773346521264	-199.7197714091508
-1597.5773346521264	-208.9709922350036
-1597.5773346521264	-218.22221306085638
-1597.5773346521264	-227.47343388670916
-1588.3261138262735	-236.72465471256194
-1588.3261138262735	-245.97587553841473
-1588.3261138262735	-255.2270963642675
-1588.3261138262735	-264.4783171901203
-1588.3261138262735	-273.7295380159731
-1588.3261138262735	-282.9807588418259
-1588.3261138262735	-292.2319796676787
-1579.0748930004208	-301.48320049353146
-1579.0748930004208	-310.73442131938424
-1579.0748930004208	-319.985642145237
-1569.823672174568	-329.2368629710898
-1560.5724513487153	-338.4880837969426
-1560.5724513487153	-347.7393046227954
-1551.3212305228624	-356.99052544864816
-1551.3212305228624	-366.24174627450094
-1542.0700096970097	-375.4929671003537
-1542.0700096970097	-384.7441879262065
-1542.0700096970097	-393.9954087520593
-1542.0700096970097	-403.2466295779121
-1542.0700096970097	-412.49785040376486
-1542.0700096970097	-421.74907122961764
-1532.8187888711568	-431.0002920554704
-1532.8187888711568	-440.2515128813232
-1532.8187888711568	-449.502733707176
-1523.5675680453041	-458.7539545330288
-1523.5675680453041	-468.00517535888156
-1523.5675680453041	-477.25639618473434
-1514.3163472194512	-486.5076170105871
-1514.3163472194512	-495.7588378364399
-1514.3163472194512	-505.0100586622927
-1505.0651263935986	-514.2612794881454
-1505.0651263935986	-523.5125003139982
-1505.0651263935986	-532.763721139851
-1495.8139055677457	-542.0149419657038
-1495.8139055677457	-551.2661627915566
-1486.562684741893	-560.5173836174093
-1477.31146391604	-569.7686044432621
-1468.0602430901874	-579.0198252691149
-1468.0602430901874	-588.2710460949677
-1458.8090222643345	-597.5222669208205
-1458.8090222643345	-606.7734877466733
-1449.5578014384819	-616.024708572526
-1449.5578014384819	-625.2759293983788
-1449.5578014384819	-634.5271502242316
-1440.306580612629	-643.7783710500844
-1431.0553597867763	-653.0295918759372
-1421.8041389609234	-662.28081270179
-1412.5529181350707	-671.5320335276427
-1403.3016973092178	-680.7832543534955
-1394.0504764833652	-690.0344751793483
-1394.0504764833652	-699.2856960052011
-1384.7992556575123	-708.5369168310539
-1375.5480348316596	-717.7881376569067
-1366.2968140058067	-727.0393584827594
-1357.045593179954	-736.2905793086122
-1347.7943723541011	-745.541800134465
-1338.5431515282485	-745.541800134465
-1329.2919307023956	-754.7930209603178
-1320.040709876543	-764.0442417861706
-1310.78948905069	-764.0442417861706
-1301.5382682248373	-773.2954626120234
-1301.5382682248373	-782.5466834378761
-1292.2870473989844	-791.7979042637289
-1283.0358265731318	-791.7979042637289
-1273.7846057472789	-801.0491250895817
-1264.5333849214262	-810.3003459154345
-1255.2821640955733	-819.5515667412873
-1246.0309432697206	-828.8027875671401
-1236.7797224438677	-838.0540083929928
-1236.7797224438677	-847.3052292188456
-1227.528501618015	-856.5564500446984
-1218.2772807921622	-865.8076708705512
-1218.2772807921622	-875.058891696404
-1209.0260599663095	-884.3101125222568
-1209.0260599663095	-893.5613333481095
-1199.7748391404566	-902.8125541739623
-1199.7748391404566	-912.0637749998151
-1190.523618314604	-921.3149958256679
-1181.272397488751	-930.5662166515207
-1172.0211766628984	-930.5662166515207
-1162.7699558370455	-939.8174374773735
-1153.5187350111928	-949.0686583032262
-1144.26751418534	-958.319879129079
-1135.0162933594872	-967.5710999549318
-1125.7650725336343	-976.8223207807846
-1125.7650725336343	-986.0735416066374
-1116.5138517077817	-995.3247624324902
-1107.2626308819288	-995.3247624324902
-1098.011410056076	-995.3247624324902
-1088.7601892302232	-1004.575983258343
-1079.5089684043705	-1013.8272040841957
-1070.2577475785176	-1013.8272040841957
-1061.006526752665	-1023.0784249100485
-1051.755305926812	-1032.3296457359013
-1042.5040851009594	-1041.5808665617542
-1033.2528642751065	-1041.5808665617542
-1024.0016434492538	-1041.5808665617542
-1014.750422623401	-1050.8320873876069
-1005.4992017975483	-1050.8320873876069
-996.2479809716955	-1050.8320873876069
-986.9967601458427	-1060.0833082134598
-977.7455393199899	-1060.0833082134598
-968.4943184941371	-1069.3345290393124
-959.2430976682843	-1078.5857498651653
-949.9918768424316	-1078.5857498651653
-940.7406560165788	-1087.836970691018
-931.489435190726	-1097.088191516871
-922.2382143648732	-1106.3394123427236
-912.9869935390204	-1115.5906331685765
-903.7357727131676	-1124.8418539944291
-894.4845518873149	-1134.093074820282
-885.2333310614621	-1134.093074820282
-875.9821102356093	-1143.3442956461347
-866.7308894097565	-1152.5955164719876
-857.4796685839037	-1152.5955164719876
-848.228447758051	-1161.8467372978403
-838.9772269321982	-1171.0979581236932
-829.7260061063454	-1171.0979581236932
-820.4747852804926	-1180.3491789495458
-811.2235644546398	-1180.3491789495458
-801.972343628787	-1189.6003997753987
-792.7211228029342	-1198.8516206012514
-783.4699019770815	-1198.8516206012514
-774.2186811512287	-1208.1028414271043
-764.9674603253759	-1217.354062252957
-755.7162394995231	-1217.354062252957
-746.4650186736703	-1226.6052830788099
-737.2137978478175	-1235.8565039046625
-727.9625770219648	-1245.1077247305154
-718.711356196112	-1245.1077247305154
-709.4601353702592	-1245.1077247305154
-700.2089145444064	-1254.358945556368
-690.9576937185536	-1263.610166382221
-681.7064728927008	-1272.8613872080737
-681.7064728927008	-1282.1126080339266
-672.4552520668481	-1291.3638288597792
-672.4552520668481	-1300.6150496856321
-663.2040312409953	-1309.8662705114848
-653.9528104151425	-1319.1174913373377
-644.7015895892897	-1319.1174913373377
-635.4503687634369	-1328.3687121631904
-626.1991479375841	-1328.3687121631904
-616.9479271117314	-1337.6199329890433
-607.6967062858786	-1346.871153814896
-598.4454854600258	-1356.1223746407488
-589.194264634173	-1365.3735954666015
-589.194264634173	-1374.6248162924544
-579.9430438083202	-1383.876037118307
-570.6918229824674	-1393.12725794416
-561.4406021566147	-1393.12725794416
-552.1893813307619	-1402.3784787700126
-542.9381605049091	-1402.3784787700126
-533.6869396790563	-1411.6296995958655
-524.4357188532035	-1411.6296995958655
-515.1844980273507	-1411.6296995958655
-505.9332772014979	-1420.8809204217182
-496.6820563756451	-1420.8809204217182
-487.43083554979233	-1420.8809204217182
-478.17961472393955	-1420.8809204217182
-468.92839389808677	-1411.6296995958655
-459.677173072234	-1420.8809204217182
-450.4259522463812	-1420.8809204217182
-441.1747314205284	-1411.6296995958655
-431.92351059467563	-1420.8809204217182
-422.67228976882285	-1420.8809204217182
-413.42106894297007	-1420.8809204217182
-404.1698481171173	-1420.8809204217182
-394.9186272912645	-1420.8809204217182
-385.6674064654117	-1430.132141247571
-376.41618563955893	-1430.132141247571
-367.16496481370615	-1430.132141247571
-357.91374398785337	-1439.3833620734238
-348.6625231620006	-1439.3833620734238
-339.4113023361478	-1439.3833620734238
-330.160081510295	-1448.6345828992767
-320.90886068444223	-1448.6345828992767
-311.65763985858945	-1448.6345828992767
-302.40641903273666	-1448.6345828992767
-293.1551982068839	-1448.6345828992767
-283.9039773810311	-1448.6345828992767
-274.6527565551783	-1457.8858037251293
-265.40153572932553	-1457.8858037251293
-256.15031490347275	-1457.8858037251293
-246.89909407761996	-1467.1370245509822
-237.64787325176718	-1467.1370245509822
-228.3966524259144	-1467.1370245509822
-219.1454316000616	-1476.388245376835
-209.89421077420883	-1476.388245376835
-200.64298994835605	-1476.388245376835
-191.39176912250326	-1476.388245376835
-182.14054829665048	-1476.388245376835
-172.8893274707977	-1476.388245376835
-163.6381066449449	-1476.388245376835
-154.38688581909213	-1476.388245376835
-145.13566499323935	-1485.6394662026878
-135.88444416738656	-1485.6394662026878
-126.63322334153379	-1485.6394662026878
-117.38200251568101	-1494.8906870285405
-108.13078168982823	-1494.8906870285405
-98.87956086397544	-1504.1419078543934
-89.62834003812266	-1504.1419078543934
-80.37711921226987	-1504.1419078543934
-71.12589838641709	-1513.393128680246
-61.8746775605643	-1513.393128680246
-52.62345673471152	-1513.393128680246
-43.372235908858734	-1522.644349506099
-34.12101508300595	-1522.644349506099
-24.86979425715317	-1531.8955703319516
-15.618573431300387	-1531.8955703319516
-6.3673526054476035	-1541.1467911578045
2.88386822040518	-1541.1467911578045
12.135089046257963	-1550.3980119836572
21.386309872110747	-1550.3980119836572
30.63753069796353	-1559.64923280951
39.88875152381632	-1559.64923280951
49.1399723496691	-1559.64923280951
58.391193175521884	-1568.9004536353627
67.64241400137466	-1568.9004536353627
76.89363482722744	-1568.9004536353627
86.14485565308023	-1578.1516744612156
95.39607647893301	-1578.1516744612156
104.6472973047858	-1578.1516744612156
113.89851813063858	-1578.1516744612156
123.14973895649136	-1587.4028952870683
132.40095978234416	-1587.4028952870683
141.65218060819694	-1587.4028952870683
150.90340143404973	-1587.4028952870683
160.1546222599025	-1587.4028952870683
169.4058430857553	-1587.4028952870683
178.65706391160808	-1596.6541161129212
187.90828473746086	-1605.9053369387739
197.15950556331364	-1605.9053369387739
206.41072638916643	-1615.1565577646268
215.6619472150192	-1615.1565577646268
224.913168040872	-1615.1565577646268
234.16438886672478	-1624.4077785904794
243.41560969257756	-1615.1565577646268
252.66683051843034	-1615.1565577646268
261.9180513442831	-1615.1565577646268
271.1692721701359	-1615.1565577646268
280.4204929959887	-1605.9053369387739
289.6717138218415	-1605.9053369387739
298.92293464769426	-1605.9053369387739
308.17415547354705	-1596.6541161129212
317.42537629939983	-1596.6541161129212
326.6765971252526	-1596.6541161129212
335.9278179511054	-1596.6541161129212
345.1790387769582	-1587.4028952870683
354.43025960281096	-1587.4028952870683
363.68148042866375	-1587.4028952870683
372.93270125451653	-1578.1516744612156
382.1839220803693	-1578.1516744612156
391.4351429062221	-1578.1516744612156
400.6863637320749	-1578.1516744612156
409.93758455792766	-1578.1516744612156
419.18880538378045	-1578.1516744612156
428.44002620963323	-1568.9004536353627
437.691247035486	-1568.9004536353627
446.9424678613388	-1568.9004536353627
456.1936886871916	-1568.9004536353627
465.44490951304437	-1568.9004536353627
474.69613033889715	-1559.64923280951
483.94735116474993	-1550.3980119836572
493.1985719906027	-1550.3980119836572
502.4497928164555	-1541.1467911578045
511.7010136423083	-1541.1467911578045
520.952234468161	-1541.1467911578045
530.2034552940138	-1541.1467911578045
539.4546761198666	-1541.1467911578045
548.7058969457194	-1541.1467911578045
557.9571177715721	-1541.1467911578045
567.2083385974249	-1531.8955703319516
576.4595594232777	-1531.8955703319516
585.7107802491305	-1522.644349506099
594.9620010749833	-1522.644349506099
604.2132219008361	-1522.644349506099
613.4644427266888	-1513.393128680246
622.7156635525416	-1513.393128680246
631.9668843783944	-1504.1419078543934
641.2181052042472	-1494.8906870285405
641.2181052042472	-1485.6394662026878
650.4693260301	-1476.388245376835
659.7205468559528	-1467.1370245509822
668.9717676818055	-1467.1370245509822
678.2229885076583	-1457.8858037251293
687.4742093335111	-1457.8858037251293
696.7254301593639	-1448.6345828992767
705.9766509852167	-1448.6345828992767
715.2278718110695	-1439.3833620734238
724.4790926369222	-1439.3833620734238
733.730313462775	-1430.132141247571
742.9815342886278	-1430.132141247571
752.2327551144806	-1420.8809204217182
761.4839759403334	-1420.8809204217182
770.7351967661862	-1411.6296995958655
779.986417592039	-1411.6296995958655
789.2376384178917	-1402.3784787700126
798.4888592437445	-1402.3784787700126
807.7400800695973	-1393.12725794416
816.9913008954501	-1393.12725794416
826.2425217213029	-1393.12725794416
835.4937425471556	-1393.12725794416
844.7449633730084	-1393.12725794416
853.9961841988612	-1383.876037118307
863.247405024714	-1374.6248162924544
863.247405024714	-1365.3735954666015
872.4986258505668	-1356.1223746407488
872.4986258505668	-1346.871153814896
881.7498466764196	-1337.6199329890433
881.7498466764196	-1328.3687121631904
891.0010675022723	-1319.1174913373377
900.2522883281251	-1309.8662705114848
909.5035091539779	-1300.6150496856321
918.7547299798307	-1291.3638288597792
928.0059508056835	-1291.3638288597792
937.2571716315363	-1282.1126080339266
946.508392457389	-1282.1126080339266
955.7596132832418	-1272.8613872080737
965.0108341090946	-1263.610166382221
974.2620549349474	-1254.358945556368
983.5132757608002	-1245.1077247305154
983.5132757608002	-1235.8565039046625
992.764496586653	-1226.6052830788099
992.764496586653	-1217.354062252957
992.764496586653	-1208.1028414271043
1002.0157174125058	-1198.8516206012514
1002.0157174125058	-1189.6003997753987
1002.0157174125058	-1180.3491789495458
1002.0157174125058	-1171.0979581236932
1002.0157174125058	-1161.8467372978403
1011.2669382383585	-1152.5955164719876
1011.2669382383585	-1143.3442956461347
1011.2669382383585	-1134.093074820282
1020.5181590642113	-1124.8418539944291
1029.769379890064	-1115.5906331685765
1029.769379890064	-1106.3394123427236
1039.020600715917	-1097.088191516871
1048.2718215417697	-1087.836970691018
1048.2718215417697	-1078.5857498651653
1057.5230423676226	-1069.3345290393124
1057.5230423676226	-1060.0833082134598
1057.5230423676226	-1050.8320873876069
1057.5230423676226	-1041.5808665617542
1066.7742631934752	-1032.3296457359013
1066.7742631934752	-1023.0784249100485
1076.0254840193281	-1013.8272040841957
1085.2767048451808	-1004.575983258343
1085.2767048451808	-995.3247624324902
1094.5279256710337	-986.0735416066374
1094.5279256710337	-976.8223207807846
1094.5279256710337	-967.5710999549318
1094.5279256710337	-958.319879129079
1103.7791464968864	-949.0686583032262
1103.7791464968864	-939.8174374773735
1113.0303673227393	-930.5662166515207
1113.0303673227393	-921.3149958256679
1122.281588148592	-912.0637749998151
1131.5328089744448	-902.8125541739623
1131.5328089744448	-893.5613333481095
1131.5328089744448	-884.3101125222568
1131.5328089744448	-875.058891696404
1140.7840298002975	-865.8076708705512
1140.7840298002975	-856.5564500446984
1140.7840298002975	-847.3052292188456
1140.7840298002975	-838.0540083929928
1150.0352506261504	-828.8027875671401
1150.0352506261504	-819.5515667412873
1159.286471452003	-810.3003459154345
1168.537692277856	-801.0491250895817
1177.7889131037086	-791.7979042637289
1187.0401339295615	-782.5466834378761
1187.0401339295615	-773.2954626120234
1187.0401339295615	-764.0442417861706
1187.0401339295615	-754.7930209603178
1187.0401339295615	-745.541800134465
1187.0401339295615	-736.2905793086122
1187.0401339295615	-727.0393584827594
1196.2913547554142	-717.7881376569067
1196.2913547554142	-708.5369168310539
1205.542575581267	-699.2856960052011
1214.7937964071198	-690.0344751793483
1214.7937964071198	-680.7832543534955
1214.7937964071198	-671.5320335276427
1214.7937964071198	-662.28081270179
1224.0450172329727	-653.0295918759372
1224.0450172329727	-643.7783710500844
1224.0450172329727	-634.5271502242316
1233.2962380588253	-625.2759293983788
1233.2962380588253	-616.024708572526
1233.2962380588253	-606.7734877466733
1233.2962380588253	-597.5222669208205
1233.2962380588253	-588.2710460949677
1242.5474588846782	-579.0198252691149
1242.5474588846782	-569.7686044432621
1251.798679710531	-560.5173836174093
1251.798679710531	-551.2661627915566
1261.0499005363838	-542.0149419657038
1261.0499005363838	-532.763721139851
1261.0499005363838	-523.5125003139982
1261.0499005363838	-514.2612794881454
1251.798679710531	-505.0100586622927
1251.798679710531	-495.7588378364399
1251.798679710531	-486.5076170105871
1261.0499005363838	-477.25639618473434
1270.3011213622365	-468.00517535888156
1270.3011213622365	-458.7539545330288
1279.5523421880894	-449.502733707176
1279.5523421880894	-440.2515128813232
1288.803563013942	-431.0002920554704
1298.054783839795	-421.74907122961764
1298.054783839795	-412.49785040376486
1298.054783839795	-403.2466295779121
1307.3060046656476	-393.9954087520593
1307.3060046656476	-384.7441879262065
1316.5572254915005	-375.4929671003537
1316.5572254915005	-366.24174627450094
1316.5572254915005	-356.99052544864816
1325.8084463173532	-347.7393046227954
1325.8084463173532	-338.4880837969426
1325.8084463173532	-329.2368629710898
1335.059667143206	-319.985642145237
1344.3108879690587	-310.73442131938424
1353.5621087949116	-301.48320049353146
1353.5621087949116	-292.2319796676787
1362.8133296207643	-282.9807588418259
1362.8133296207643	-273.7295380159731
1372.0645504466172	-264.4783171901203
1372.0645504466172	-255.2270963642675
1381.3157712724699	-245.97587553841473
1381.3157712724699	-236.72465471256194
1381.3157712724699	-227.47343388670916
1390.5669920983228	-218.22221306085638
1390.5669920983228	-208.9709922350036
1399.8182129241754	-199.7197714091508
1399.8182129241754	-190.46855058329803
1409.0694337500283	-181.21732975744524
1418.320654575881	-171.96610893159246
1418.320654575881	-162.71488810573967
1427.571875401734	-153.4636672798869
1427.571875401734	-144.2124464540341
1436.8230962275866	-134.96122562818132
1436.8230962275866	-125.71000480232854
1436.8230962275866	-116.45878397647576
1446.0743170534395	-107.20756315062297
1446.0743170534395	-97.95634232477019
1455.3255378792921	-88.7051214989174
1455.3255378792921	-79.45390067306462
1464.576758705145	-70.20267984721184
1464.576758705145	-60.951459021359064
1473.8279795309977	-51.70023819550628
1473.8279795309977	-42.4490173696535
1473.8279795309977	-33.19779654380071
1473.8279795309977	-23.946575717947926
1473.8279795309977	-14.695354892095143
1483.0792003568506	-5.444134066242359
1483.0792003568506	3.807086759610424
1492.3304211827033	13.058307585463208
1492.3304211827033	22.30952841131599
1492.3304211827033	31.560749237168775
1492.3304211827033	40.811970063021555
1492.3304211827033	50.06319088887434
1492.3304211827033	59.31441171472712
1501.5816420085562	68.56563254057991
1501.5816420085562	77.8168533664327
1501.5816420085562	87.06807419228548
1510.8328628344088	96.31929501813826
1510.8328628344088	105.57051584399105
1510.8328628344088	114.82173666984383
1510.8328628344088	124.07295749569661
1510.8328628344088	133.3241783215494
1510.8328628344088	142.57539914740218
1510.8328628344088	151.82661997325496
1510.8328628344088	161.07784079910775
1510.8328628344088	170.32906162496053
1510.8328628344088	179.5802824508133
1510.8328628344088	188.8315032766661
1510.8328628344088	198.08272410251888
1520.0840836602617	207.33394492837166
1520.0840836602617	216.58516575422445
1520.0840836602617	225.83638658007723
1520.0840836602617	235.08760740593002
1529.3353044861144	244.3388282317828
1520.0840836602617	253.59004905763558
1520.0840836602617	262.84126988348834
1510.8328628344088	272.0924907093411
1501.5816420085562	281.3437115351939
1501.5816420085562	290.5949323610467
1492.3304211827033	299.84615318689947
1492.3304211827033	309.09737401275225
1492.3304211827033	318.34859483860504
1492.3304211827033	327.5998156644578
1483.0792003568506	336.8510364903106
1483.0792003568506	346.1022573161634
1483.0792003568506	355.3534781420162
1473.8279795309977	364.60469896786896
1473.8279795309977	373.85591979372174
1473.8279795309977	383.1071406195745
1483.0792003568506	392.3583614454273
1483.0792003568506	401.6095822712801
1492.3304211827033	410.8608030971329
1492.3304211827033	420.11202392298566
1492.3304211827033	429.36324474883844
1492.3304211827033	438.6144655746912
1492.3304211827033	447.865686400544
1492.3304211827033	457.1169072263968
1492.3304211827033	466.3681280522496
1492.3304211827033	475.61934887810236
1492.3304211827033	484.87056970395514
1492.3304211827033	494.1217905298079
1492.3304211827033	503.3730113556607
1492.3304211827033	512.6242321815135
1483.0792003568506	521.8754530073663
1483.0792003568506	531.1266738332191
1483.0792003568506	540.3778946590719
1483.0792003568506	549.6291154849247
1483.0792003568506	558.8803363107775
1473.8279795309977	568.1315571366302
1473.8279795309977	577.382777962483
1473.8279795309977	586.6339987883358
1464.576758705145	595.8852196141886
1464.576758705145	605.1364404400414
1455.3255378792921	614.3876612658942
1446.0743170534395	623.638882091747
1436.8230962275866	623.638882091747
1427.571875401734	632.8901029175997
1418.320654575881	642.1413237434525
1418.320654575881	651.3925445693053
1409.0694337500283	660.6437653951581
1399.8182129241754	669.8949862210109
1390.5669920983228	679.1462070468637
1390.5669920983228	688.3974278727164
1390.5669920983228	697.6486486985692
1381.3157712724699	706.899869524422
1381.3157712724699	716.1510903502748
1381.3157712724699	725.4023111761276
1381.3157712724699	734.6535320019804
1372.0645504466172	743.9047528278331
1372.0645504466172	753.1559736536859
1362.8133296207643	762.4071944795387
1362.8133296207643	771.6584153053915
1362.8133296207643	780.9096361312443
1362.8133296207643	790.160856957097
1362.8133296207643	799.4120777829498
1362.8133296207643	808.6632986088026
1353.5621087949116	817.9145194346554
1353.5621087949116	827.1657402605082
1344.3108879690587	836.416961086361
1344.3108879690587	845.6681819122138
1335.059667143206	854.9194027380665
1335.059667143206	864.1706235639193
1325.8084463173532	873.4218443897721
1316.5572254915005	882.6730652156249
1316.5572254915005	891.9242860414777
1316.5572254915005	901.1755068673305
1307.3060046656476	910.4267276931832
1307.3060046656476	919.677948519036
1298.054783839795	928.9291693448888
1298.054783839795	938.1803901707416
1288.803563013942	947.4316109965944
1288.803563013942	956.6828318224472
1288.803563013942	965.9340526482999
1288.803563013942	975.1852734741527
1288.803563013942	984.4364943000055
1279.5523421880894	993.6877151258583
1279.5523421880894	1002.9389359517111
1270.3011213622365	1012.1901567775639
1270.3011213622365	1021.4413776034166
1270.3011213622365	1030.6925984292693
1270.3011213622365	1039.9438192551222
1270.3011213622365	1049.1950400809749
1261.0499005363838	1058.4462609068278
1261.0499005363838	1067.6974817326804
1261.0499005363838	1076.9487025585333
1251.798679710531	1086.199923384386
1242.5474588846782	1095.451144210239
1233.2962380588253	1104.7023650360916
1233.2962380588253	1113.9535858619445
1224.0450172329727	1123.2048066877971
1214.7937964071198	1132.45602751365
1205.542575581267	1132.45602751365
1196.2913547554142	1141.7072483395027
1187.0401339295615	1150.9584691653556
1177.7889131037086	1160.2096899912083
1168.537692277856	1169.4609108170612
1159.286471452003	1178.7121316429138
1150.0352506261504	1187.9633524687667
1140.7840298002975	1197.2145732946194
1131.5328089744448	1206.4657941204723
1122.281588148592	1215.717014946325
1113.0303673227393	1215.717014946325
1103.7791464968864	1224.9682357721779
1094.5279256710337	1224.9682357721779
1085.2767048451808	1234.2194565980305
1076.0254840193281	1243.4706774238834
1066.7742631934752	1243.4706774238834
1057.5230423676226	1252.7218982497361
1048.2718215417697	1261.973119075589
1039.020600715917	1271.2243399014417
1029.769379890064	1280.4755607272946
1020.5181590642113	1289.7267815531472
1011.2669382383585	1298.9780023790001
1002.0157174125058	1298.9780023790001
992.764496586653	1308.2292232048528
983.5132757608002	1317.4804440307057
974.2620549349474	1317.4804440307057
965.0108341090946	1326.7316648565584
955.7596132832418	1326.7316648565584
946.508392457389	1335.9828856824113
937.2571716315363	1335.9828856824113
928.0059508056835	1335.9828856824113
918.7547299798307	1345.234106508264
909.5035091539779	1345.234106508264
900.2522883281251	1354.4853273341168
891.0010675022723	1354.4853273341168
881.7498466764196	1363.7365481599695
872.4986258505668	1372.9877689858224
863.247405024714	1382.238989811675
853.9961841988612	1391.490210637528
844.7449633730084	1391.490210637528
835.4937425471556	1400.7414314633806
826.2425217213029	1400.7414314633806
816.9913008954501	1409.9926522892335
807.7400800695973	1419.2438731150862
798.4888592437445	1419.2438731150862
789.2376384178917	1428.4950939409391
779.986417592039	1437.7463147667918
770.7351967661862	1446.9975355926447
761.4839759403334	1446.9975355926447
752.2327551144806	1456.2487564184974
742.9815342886278	1456.2487564184974
733.730313462775	1465.4999772443502
724.4790926369222	1465.4999772443502
715.2278718110695	1474.751198070203
705.9766509852167	1474.751198070203
696.7254301593639	1474.751198070203
687.4742093335111	1484.0024188960558
678.2229885076583	1484.0024188960558
668.9717676818055	1493.2536397219085
659.7205468559528	1493.2536397219085
650.4693260301	1502.5048605477614
641.2181052042472	1502.5048605477614
631.9668843783944	1502.5048605477614
622.7156635525416	1502.5048605477614
613.4644427266888	1511.756081373614
604.2132219008361	1511.756081373614
594.9620010749833	1511.756081373614
585.7107802491305	1511.756081373614
576.4595594232777	1502.5048605477614
567.2083385974249	1502.5048605477614
557.9571177715721	1502.5048605477614
548.7058969457194	1502.5048605477614
539.4546761198666	1502.5048605477614
530.2034552940138	1502.5048605477614
520.952234468161	1502.5048605477614
511.7010136423083	1493.2536397219085
502.4497928164555	1493.2536397219085
493.1985719906027	1493.2536397219085
483.94735116474993	1493.2536397219085
474.69613033889715	1484.0024188960558
465.44490951304437	1484.0024188960558
456.1936886871916	1484.0024188960558
446.9424678613388	1474.751198070203
437.691247035486	1474.751198070203
428.44002620963323	1474.751198070203
419.18880538378045	1474.751198070203
409.93758455792766	1474.751198070203
400.6863637320749	1465.4999772443502
391.4351429062221	1465.4999772443502
382.1839220803693	1465.4999772443502
372.93270125451653	1474.751198070203
363.68148042866375	1474.751198070203
354.43025960281096	1474.751198070203
345.1790387769582	1474.751198070203
335.9278179511054	1474.751198070203
326.6765971252526	1484.0024188960558
317.42537629939983	1484.0024188960558
308.17415547354705	1484.0024188960558
298.92293464769426	1493.2536397219085
289.6717138218415	1493.2536397219085
280.4204929959887	1493.2536397219085
271.1692721701359	1502.5048605477614
261.9180513442831	1502.5048605477614
252.66683051843034	1511.756081373614
243.41560969257756	1511.756081373614
234.16438886672478	1521.007302199467
224.913168040872	1521.007302199467
215.6619472150192	1521.007302199467
206.41072638916643	1521.007302199467
197.15950556331364	1521.007302199467
187.90828473746086	1521.007302199467
178.65706391160808	1511.756081373614
169.4058430857553	1511.756081373614
160.1546222599025	1511.756081373614
150.90340143404973	1511.756081373614
141.65218060819694	1511.756081373614
132.40095978234416	1502.5048605477614
123.14973895649136	1502.5048605477614
113.89851813063858	1502.5048605477614
104.6472973047858	1502.5048605477614
95.39607647893301	1502.5048605477614
86.14485565308023	1502.5048605477614
76.89363482722744	1502.5048605477614
67.64241400137466	1493.2536397219085
58.391193175521884	1493.2536397219085
49.1399723496691	1493.2536397219085
39.88875152381632	1484.0024188960558
30.63753069796353	1484.0024188960558
21.386309872110747	1474.751198070203
12.135089046257963	1474.751198070203
2.88386822040518	1474.751198070203
-6.3673526054476035	1474.751198070203
-15.618573431300387	1474.751198070203
-24.86979425715317	1474.751198070203
-34.12101508300595	1474.751198070203
-43.372235908858734	1474.751198070203
-52.62345673471152	1474.751198070203
-61.8746775605643	1474.751198070203
-71.12589838641709	1465.4999772443502
-80.37711921226987	1465.4999772443502
-89.62834003812266	1465.4999772443502
-98.87956086397544	1456.2487564184974
-108.13078168982823	1456.2487564184974
-117.38200251568101	1456.2487564184974
-126.63322334153379	1456.2487564184974
-135.88444416738656	1456.2487564184974
-145.13566499323935	1456.2487564184974
-154.38688581909213	1456.2487564184974
-163.6381066449449	1446.9975355926447
-172.8893274707977	1446.9975355926447
-182.14054829665048	1446.9975355926447
-191.39176912250326	1446.9975355926447
-200.64298994835605	1437.7463147667918
-209.89421077420883	1437.7463147667918
-219.1454316000616	1437.7463147667918
-228.3966524259144	1437.7463147667918
-237.64787325176718	1437.7463147667918
-246.89909407761996	1428.4950939409391
-256.15031490347275	1419.2438731150862
-265.40153572932553	1419.2438731150862
-274.6527565551783	1409.9926522892335
-283.9039773810311	1400.7414314633806
-293.1551982068839	1400.7414314633806
-302.40641903273666	1391.490210637528
-311.65763985858945	1391.490210637528
-320.90886068444223	1382.238989811675
-330.160081510295	1382.238989811675
-339.4113023361478	1372.9877689858224
-348.6625231620006	1363.7365481599695
-357.91374398785337	1363.7365481599695
-367.16496481370615	1354.4853273341168
