# particle morphology
# using file: 41-05X-H.png
#
#x/µm	y/µm
81.31946693236983	2056.9214098891516
71.12899074189365	2046.7309336986757
60.938514551417455	2036.5404575081996
50.748038360941266	2036.5404575081996
40.557562170465076	2036.5404575081996
30.36708597998889	2036.5404575081996
20.1766097895127	2046.7309336986757
9.98613359903651	2046.7309336986757
-0.20434259143968075	2046.7309336986757
-10.39481878191587	2046.7309336986757
-20.58529497239206	2046.7309336986757
-30.77577116286825	2056.9214098891516
-40.96624735334444	2067.111886079628
-51.15672354382063	2067.111886079628
-61.34719973429682	2067.111886079628
-71.53767592477301	2067.111886079628
-81.7281521152492	2077.3023622701044
-91.91862830572539	2077.3023622701044
-102.10910449620158	2077.3023622701044
-112.29958068667777	2067.111886079628
-122.49005687715396	2067.111886079628
-132.68053306763014	2067.111886079628
-142.87100925810634	2067.111886079628
-153.06148544858252	2067.111886079628
-163.25196163905872	2067.111886079628
-173.4424378295349	2067.111886079628
-183.6329140200111	2067.111886079628
-193.82339021048728	2056.9214098891516
-204.01386640096348	2046.7309336986757
-214.20434259143966	2046.7309336986757
-224.39481878191586	2046.7309336986757
-234.58529497239203	2046.7309336986757
-244.77577116286824	2036.5404575081996
-254.96624735334441	2036.5404575081996
-265.1567235438206	2026.3499813177232
-275.3471997342968	2016.159505127247
-285.537675924773	2005.9690289367709
-295.7281521152492	1995.7785527462947
-305.91862830572535	1985.5880765558186
-305.91862830572535	1975.3976003653422
-316.10910449620155	1965.207124174866
-316.10910449620155	1955.01664798439
-326.29958068667776	1944.8261717939138
-336.49005687715396	1934.6356956034376
-336.49005687715396	1924.4452194129615
-346.6805330676301	1914.254743222485
-356.8710092581063	1904.064267032009
-356.8710092581063	1893.8737908415328
-367.0614854485825	1883.6833146510567
-377.2519616390587	1873.4928384605805
-377.2519616390587	1863.3023622701041
-387.44243782953487	1853.111886079628
-387.44243782953487	1842.9214098891518
-397.63291402001107	1832.7309336986757
-397.63291402001107	1822.5404575081996
-407.8233902104873	1812.3499813177232
-407.8233902104873	1802.159505127247
-418.0138664009635	1791.9690289367709
-418.0138664009635	1781.7785527462947
-418.0138664009635	1771.5880765558186
-418.0138664009635	1761.3976003653424
-418.0138664009635	1751.207124174866
-428.2043425914396	1741.01664798439
-428.2043425914396	1730.8261717939138
-428.2043425914396	1720.6356956034376
-438.39481878191583	1710.4452194129615
-448.58529497239203	1710.4452194129615
-458.77577116286824	1700.254743222485
-468.9662473533444	1700.254743222485
-479.1567235438206	1700.254743222485
-489.3471997342968	1700.254743222485
-499.537675924773	1700.254743222485
-509.72815211524915	1700.254743222485
-519.9186283057254	1700.254743222485
-530.1091044962016	1700.254743222485
-540.2995806866777	1700.254743222485
-550.490056877154	1710.4452194129615
-560.6805330676301	1710.4452194129615
-570.8710092581063	1710.4452194129615
-581.0614854485825	1710.4452194129615
-591.2519616390587	1710.4452194129615
-601.4424378295349	1720.6356956034376
-611.6329140200111	1720.6356956034376
-621.8233902104872	1720.6356956034376
-632.0138664009635	1720.6356956034376
-642.2043425914396	1720.6356956034376
-652.3948187819158	1720.6356956034376
-662.585294972392	1720.6356956034376
-672.7757711628682	1720.6356956034376
-682.9662473533444	1720.6356956034376
-693.1567235438206	1720.6356956034376
-703.3471997342967	1720.6356956034376
-713.537675924773	1710.4452194129615
-723.7281521152491	1710.4452194129615
-733.9186283057253	1710.4452194129615
-744.1091044962016	1700.254743222485
-754.2995806866777	1700.254743222485
-764.490056877154	1690.064267032009
-774.6805330676301	1679.8737908415328
-784.8710092581063	1679.8737908415328
-795.0614854485825	1669.6833146510567
-805.2519616390587	1659.4928384605805
-815.4424378295348	1659.4928384605805
-825.6329140200111	1659.4928384605805
-835.8233902104872	1649.3023622701041
-846.0138664009635	1649.3023622701041
-856.2043425914396	1639.111886079628
-866.3948187819158	1639.111886079628
-876.585294972392	1639.111886079628
-886.7757711628682	1628.9214098891518
-896.9662473533443	1628.9214098891518
-907.1567235438206	1618.7309336986757
-917.3471997342967	1618.7309336986757
-927.537675924773	1608.5404575081996
-937.7281521152491	1608.5404575081996
-947.9186283057253	1598.3499813177234
-958.1091044962016	1598.3499813177234
-968.2995806866777	1588.159505127247
-978.4900568771538	1588.159505127247
-988.6805330676301	1577.9690289367709
-998.8710092581063	1577.9690289367709
-1009.0614854485825	1567.7785527462947
-1019.2519616390587	1557.5880765558186
-1029.4424378295348	1547.3976003653424
-1039.632914020011	1537.207124174866
-1049.8233902104873	1527.01664798439
-1060.0138664009635	1516.8261717939138
-1060.0138664009635	1506.6356956034376
-1070.2043425914396	1496.4452194129615
-1080.3948187819158	1486.254743222485
-1080.3948187819158	1476.064267032009
-1090.585294972392	1465.8737908415328
-1100.775771162868	1455.6833146510567
-1100.775771162868	1445.4928384605805
-1110.9662473533444	1435.3023622701044
-1121.1567235438206	1425.111886079628
-1121.1567235438206	1414.9214098891518
-1131.3471997342967	1404.7309336986757
-1131.3471997342967	1394.5404575081996
-1141.5376759247729	1384.3499813177234
-1141.5376759247729	1374.159505127247
-1151.728152115249	1363.9690289367709
-1161.9186283057254	1353.7785527462947
-1172.1091044962016	1343.5880765558186
-1182.2995806866777	1333.3976003653424
-1192.4900568771538	1323.207124174866
-1192.4900568771538	1313.01664798439
-1202.68053306763	1302.8261717939138
-1212.8710092581064	1292.6356956034376
-1223.0614854485825	1282.4452194129615
-1233.2519616390587	1272.2547432224853
-1243.4424378295348	1272.2547432224853
-1253.632914020011	1262.064267032009
-1263.823390210487	1251.8737908415328
-1263.823390210487	1241.6833146510567
-1274.0138664009635	1231.4928384605805
-1284.2043425914396	1221.3023622701044
-1294.3948187819158	1211.111886079628
-1304.585294972392	1211.111886079628
-1314.775771162868	1200.9214098891518
-1324.9662473533444	1200.9214098891518
-1335.1567235438206	1190.7309336986757
-1345.3471997342967	1190.7309336986757
-1355.5376759247729	1180.5404575081996
-1365.728152115249	1180.5404575081996
-1375.9186283057254	1170.3499813177234
-1386.1091044962016	1170.3499813177234
-1396.2995806866777	1160.159505127247
-1406.4900568771538	1160.159505127247
-1406.4900568771538	1149.9690289367709
-1416.68053306763	1139.7785527462947
-1426.8710092581061	1129.5880765558186
-1426.8710092581061	1119.3976003653424
-1437.0614854485825	1109.2071241748663
-1437.0614854485825	1099.01664798439
-1447.2519616390587	1088.8261717939138
-1457.4424378295348	1078.6356956034376
-1467.632914020011	1068.4452194129615
-1477.823390210487	1058.2547432224853
-1488.0138664009635	1048.064267032009
-1498.2043425914396	1037.8737908415328
-1508.3948187819158	1027.6833146510567
-1508.3948187819158	1017.4928384605805
-1518.585294972392	1007.3023622701043
-1528.775771162868	997.1118860796281
-1538.9662473533444	997.1118860796281
-1549.1567235438206	986.921409889152
-1559.3471997342967	976.7309336986757
-1559.3471997342967	966.5404575081996
-1569.5376759247729	956.3499813177233
-1579.728152115249	946.1595051272471
-1579.728152115249	935.969028936771
-1589.9186283057252	925.7785527462947
-1589.9186283057252	915.5880765558186
-1600.1091044962016	905.3976003653424
-1610.2995806866777	895.2071241748662
-1620.4900568771538	885.01664798439
-1630.68053306763	874.8261717939138
-1640.8710092581061	864.6356956034376
-1651.0614854485825	854.4452194129615
-1661.2519616390587	854.4452194129615
-1671.4424378295348	844.2547432224852
-1671.4424378295348	834.0642670320091
-1671.4424378295348	823.8737908415329
-1681.632914020011	813.6833146510567
-1681.632914020011	803.4928384605805
-1691.823390210487	793.3023622701043
-1702.0138664009635	783.1118860796281
-1712.2043425914396	772.921409889152
-1722.3948187819158	762.7309336986757
-1732.585294972392	752.5404575081996
-1742.775771162868	742.3499813177234
-1742.775771162868	732.1595051272471
-1752.9662473533442	721.969028936771
-1752.9662473533442	711.7785527462947
-1763.1567235438206	701.5880765558186
-1763.1567235438206	691.3976003653424
-1773.3471997342967	681.2071241748662
-1773.3471997342967	671.01664798439
-1783.5376759247729	660.8261717939139
-1793.728152115249	650.6356956034376
-1793.728152115249	640.4452194129615
-1803.9186283057252	630.2547432224852
-1814.1091044962016	620.0642670320091
-1824.2995806866777	609.8737908415329
-1834.4900568771538	599.6833146510567
-1834.4900568771538	589.4928384605805
-1844.68053306763	579.3023622701044
-1854.8710092581061	569.1118860796281
-1865.0614854485825	558.921409889152
-1865.0614854485825	548.7309336986757
-1865.0614854485825	538.5404575081996
-1875.2519616390587	528.3499813177234
-1875.2519616390587	518.1595051272471
-1885.4424378295348	507.969028936771
-1885.4424378295348	497.7785527462948
-1895.632914020011	487.5880765558186
-1905.823390210487	477.39760036534244
-1916.0138664009633	467.20712417486624
-1916.0138664009633	457.01664798439003
-1916.0138664009633	446.82617179391383
-1926.2043425914396	436.6356956034377
-1926.2043425914396	426.4452194129615
-1936.3948187819158	416.2547432224853
-1936.3948187819158	406.06426703200907
-1946.585294972392	395.8737908415329
-1946.585294972392	385.6833146510567
-1956.775771162868	375.4928384605805
-1966.9662473533442	365.3023622701043
-1977.1567235438206	355.11188607962816
-1977.1567235438206	344.92140988915196
-1987.3471997342967	334.73093369867576
-1987.3471997342967	324.54045750819955
-1997.5376759247729	314.3499813177234
-2007.728152115249	314.3499813177234
-2017.9186283057252	304.1595051272472
-2017.9186283057252	293.969028936771
-2028.1091044962016	283.7785527462948
-2038.2995806866777	273.58807655581865
-2048.4900568771536	273.58807655581865
-2048.4900568771536	263.39760036534244
-2058.68053306763	253.20712417486624
-2068.8710092581064	243.01664798439006
-2079.0614854485825	232.82617179391386
-2089.2519616390587	222.63569560343768
-2099.442437829535	212.44521941296148
-2099.442437829535	202.2547432224853
-2109.632914020011	192.0642670320091
-2109.632914020011	181.87379084153292
-2119.823390210487	171.68331465105672
-2119.823390210487	161.49283846058054
-2130.0138664009633	151.30236227010434
-2130.0138664009633	141.11188607962816
-2140.2043425914394	130.92140988915196
-2140.2043425914394	120.73093369867577
-2140.2043425914394	110.54045750819958
-2140.2043425914394	100.34998131772339
-2150.3948187819155	90.1595051272472
-2150.3948187819155	79.96902893677101
-2150.3948187819155	69.77855274629482
-2160.5852949723917	59.58807655581863
-2160.5852949723917	49.39760036534244
-2160.5852949723917	39.20712417486625
-2170.7757711628683	29.016647984390065
-2170.7757711628683	18.826171793913876
-2170.7757711628683	8.635695603437684
-2170.7757711628683	-1.5547805870385054
-2170.7757711628683	-11.745256777514696
-2170.7757711628683	-21.935732967990884
-2180.9662473533444	-32.12620915846708
-2180.9662473533444	-42.31668534894327
-2180.9662473533444	-52.50716153941946
-2180.9662473533444	-62.697637729895646
-2180.9662473533444	-72.88811392037184
-2180.9662473533444	-83.07859011084803
-2170.7757711628683	-93.26906630132422
-2170.7757711628683	-103.4595424918004
-2170.7757711628683	-113.6500186822766
-2170.7757711628683	-123.84049487275279
-2170.7757711628683	-134.03097106322898
-2170.7757711628683	-144.22144725370515
-2170.7757711628683	-154.41192344418135
-2170.7757711628683	-164.60239963465753
-2160.5852949723917	-174.79287582513373
-2160.5852949723917	-184.9833520156099
-2160.5852949723917	-195.1738282060861
-2150.3948187819155	-205.3643043965623
-2140.2043425914394	-215.5547805870385
-2140.2043425914394	-225.74525677751467
-2130.0138664009633	-235.93573296799087
-2130.0138664009633	-246.12620915846705
-2130.0138664009633	-256.3166853489432
-2130.0138664009633	-266.5071615394194
-2119.823390210487	-276.69763772989563
-2109.632914020011	-286.88811392037184
-2099.442437829535	-297.078590110848
-2099.442437829535	-307.2690663013242
-2089.2519616390587	-317.4595424918004
-2079.0614854485825	-327.6500186822766
-2079.0614854485825	-337.84049487275274
-2079.0614854485825	-348.03097106322895
-2068.8710092581064	-358.22144725370515
-2058.68053306763	-368.41192344418135
-2048.4900568771536	-378.6023996346575
-2038.2995806866777	-388.7928758251337
-2028.1091044962016	-398.9833520156099
-2017.9186283057252	-409.1738282060861
-2017.9186283057252	-419.36430439656226
-2007.728152115249	-429.55478058703847
-2007.728152115249	-439.74525677751467
-2007.728152115249	-449.9357329679909
-1997.5376759247729	-460.126209158467
-1997.5376759247729	-470.3166853489432
-1987.3471997342967	-480.5071615394194
-1977.1567235438206	-490.69763772989563
-1977.1567235438206	-500.8881139203718
-1966.9662473533442	-511.078590110848
-1966.9662473533442	-521.2690663013242
-1966.9662473533442	-531.4595424918003
-1966.9662473533442	-541.6500186822766
-1966.9662473533442	-551.8404948727527
-1966.9662473533442	-562.0309710632289
-1956.775771162868	-572.2214472537052
-1956.775771162868	-582.4119234441813
-1956.775771162868	-592.6023996346576
-1946.585294972392	-602.7928758251337
-1946.585294972392	-612.9833520156099
-1936.3948187819158	-623.1738282060861
-1936.3948187819158	-633.3643043965623
-1926.2043425914396	-643.5547805870384
-1926.2043425914396	-653.7452567775147
-1926.2043425914396	-663.9357329679908
-1916.0138664009633	-674.1262091584671
-1916.0138664009633	-684.3166853489432
-1916.0138664009633	-694.5071615394194
-1905.823390210487	-704.6976377298956
-1895.632914020011	-714.8881139203718
-1885.4424378295348	-714.8881139203718
-1875.2519616390587	-725.0785901108479
-1865.0614854485825	-735.2690663013242
-1854.8710092581061	-745.4595424918003
-1844.68053306763	-755.6500186822766
-1844.68053306763	-765.8404948727527
-1834.4900568771538	-776.0309710632289
-1824.2995806866777	-786.2214472537052
-1814.1091044962016	-796.4119234441813
-1803.9186283057252	-806.6023996346574
-1803.9186283057252	-816.7928758251337
-1793.728152115249	-826.9833520156099
-1793.728152115249	-837.1738282060861
-1783.5376759247729	-847.3643043965623
-1773.3471997342967	-857.5547805870384
-1763.1567235438206	-867.7452567775147
-1752.9662473533442	-877.9357329679908
-1752.9662473533442	-888.126209158467
-1742.775771162868	-898.3166853489432
-1732.585294972392	-908.5071615394194
-1722.3948187819158	-918.6976377298956
-1712.2043425914396	-918.6976377298956
-1702.0138664009635	-928.8881139203718
-1691.823390210487	-939.0785901108479
-1691.823390210487	-949.2690663013242
-1691.823390210487	-959.4595424918003
-1681.632914020011	-969.6500186822765
-1671.4424378295348	-979.8404948727527
-1671.4424378295348	-990.0309710632289
-1661.2519616390587	-990.0309710632289
-1651.0614854485825	-1000.2214472537052
-1651.0614854485825	-1010.4119234441813
-1640.8710092581061	-1020.6023996346574
-1630.68053306763	-1020.6023996346574
-1620.4900568771538	-1030.7928758251337
-1620.4900568771538	-1040.9833520156099
-1610.2995806866777	-1051.173828206086
-1610.2995806866777	-1061.3643043965621
-1600.1091044962016	-1071.5547805870385
-1600.1091044962016	-1081.7452567775147
-1589.9186283057252	-1091.9357329679908
-1589.9186283057252	-1102.126209158467
-1579.728152115249	-1112.316685348943
-1569.5376759247729	-1122.5071615394195
-1569.5376759247729	-1132.6976377298956
-1559.3471997342967	-1142.8881139203718
-1559.3471997342967	-1153.078590110848
-1549.1567235438206	-1163.269066301324
-1538.9662473533444	-1173.4595424918002
-1528.775771162868	-1183.6500186822766
-1518.585294972392	-1193.8404948727527
-1508.3948187819158	-1204.030971063229
-1508.3948187819158	-1214.221447253705
-1498.2043425914396	-1224.4119234441812
-1488.0138664009635	-1234.6023996346576
-1477.823390210487	-1244.7928758251337
-1467.632914020011	-1244.7928758251337
-1457.4424378295348	-1254.9833520156099
-1447.2519616390587	-1254.9833520156099
-1437.0614854485825	-1265.173828206086
-1437.0614854485825	-1275.3643043965621
-1426.8710092581061	-1285.5547805870385
-1416.68053306763	-1285.5547805870385
-1406.4900568771538	-1295.7452567775147
-1406.4900568771538	-1305.9357329679908
-1396.2995806866777	-1316.126209158467
-1386.1091044962016	-1326.316685348943
-1386.1091044962016	-1336.5071615394193
-1375.9186283057254	-1346.6976377298956
-1365.728152115249	-1346.6976377298956
-1355.5376759247729	-1356.8881139203718
-1345.3471997342967	-1367.078590110848
-1335.1567235438206	-1367.078590110848
-1324.9662473533444	-1377.269066301324
-1324.9662473533444	-1387.4595424918002
-1314.775771162868	-1387.4595424918002
-1304.585294972392	-1397.6500186822766
-1294.3948187819158	-1397.6500186822766
-1284.2043425914396	-1407.8404948727527
-1274.0138664009635	-1418.030971063229
-1263.823390210487	-1418.030971063229
-1253.632914020011	-1428.221447253705
-1243.4424378295348	-1428.221447253705
-1233.2519616390587	-1438.4119234441812
-1223.0614854485825	-1448.6023996346576
-1212.8710092581064	-1448.6023996346576
-1202.68053306763	-1448.6023996346576
-1192.4900568771538	-1458.7928758251337
-1182.2995806866777	-1458.7928758251337
-1172.1091044962016	-1458.7928758251337
-1161.9186283057254	-1468.9833520156099
-1151.728152115249	-1468.9833520156099
-1141.5376759247729	-1479.173828206086
-1131.3471997342967	-1489.3643043965621
-1121.1567235438206	-1489.3643043965621
-1110.9662473533444	-1499.5547805870383
-1100.775771162868	-1509.7452567775147
-1090.585294972392	-1509.7452567775147
-1080.3948187819158	-1519.9357329679908
-1070.2043425914396	-1519.9357329679908
-1060.0138664009635	-1530.126209158467
-1049.8233902104873	-1530.126209158467
-1039.632914020011	-1540.316685348943
-1029.4424378295348	-1540.316685348943
-1019.2519616390587	-1550.5071615394193
-1009.0614854485825	-1560.6976377298956
-998.8710092581063	-1560.6976377298956
-988.6805330676301	-1570.8881139203718
-978.4900568771538	-1570.8881139203718
-968.2995806866777	-1581.078590110848
-958.1091044962016	-1581.078590110848
-947.9186283057253	-1581.078590110848
-937.7281521152491	-1581.078590110848
-927.537675924773	-1591.269066301324
-917.3471997342967	-1591.269066301324
-907.1567235438206	-1601.4595424918002
-896.9662473533443	-1601.4595424918002
-886.7757711628682	-1611.6500186822766
-876.585294972392	-1611.6500186822766
-866.3948187819158	-1611.6500186822766
-856.2043425914396	-1621.8404948727527
-846.0138664009635	-1621.8404948727527
-835.8233902104872	-1632.030971063229
-825.6329140200111	-1632.030971063229
-815.4424378295348	-1642.221447253705
-805.2519616390587	-1642.221447253705
-795.0614854485825	-1652.4119234441812
-784.8710092581063	-1662.6023996346573
-774.6805330676301	-1662.6023996346573
-764.490056877154	-1672.7928758251337
-754.2995806866777	-1672.7928758251337
-744.1091044962016	-1672.7928758251337
-733.9186283057253	-1682.9833520156099
-723.7281521152491	-1682.9833520156099
-713.537675924773	-1682.9833520156099
-703.3471997342967	-1693.173828206086
-693.1567235438206	-1693.173828206086
-682.9662473533444	-1703.3643043965621
-672.7757711628682	-1713.5547805870383
-662.585294972392	-1723.7452567775147
-652.3948187819158	-1733.9357329679908
-642.2043425914396	-1744.126209158467
-642.2043425914396	-1754.316685348943
-632.0138664009635	-1764.5071615394193
-632.0138664009635	-1774.6976377298956
-621.8233902104872	-1784.8881139203718
-611.6329140200111	-1795.078590110848
-601.4424378295349	-1805.269066301324
-591.2519616390587	-1805.269066301324
-581.0614854485825	-1815.4595424918002
-570.8710092581063	-1825.6500186822764
-560.6805330676301	-1825.6500186822764
-550.490056877154	-1835.8404948727527
-550.490056877154	-1846.030971063229
-540.2995806866777	-1846.030971063229
-530.1091044962016	-1856.221447253705
-519.9186283057254	-1866.4119234441812
-509.72815211524915	-1876.6023996346573
-499.537675924773	-1876.6023996346573
-489.3471997342968	-1886.7928758251337
-479.1567235438206	-1896.9833520156099
-468.9662473533444	-1907.173828206086
-458.77577116286824	-1917.3643043965621
-448.58529497239203	-1927.5547805870383
-438.39481878191583	-1937.7452567775147
-428.2043425914396	-1947.9357329679908
-418.0138664009635	-1958.126209158467
-407.8233902104873	-1968.316685348943
-397.63291402001107	-1978.5071615394193
-387.44243782953487	-1988.6976377298954
-387.44243782953487	-1998.8881139203718
-377.2519616390587	-2009.078590110848
-367.0614854485825	-2019.269066301324
-367.0614854485825	-2029.4595424918002
-356.8710092581063	-2039.6500186822764
-356.8710092581063	-2049.8404948727525
-356.8710092581063	-2060.0309710632287
-346.6805330676301	-2070.221447253705
-346.6805330676301	-2080.4119234441814
-336.49005687715396	-2090.6023996346576
-336.49005687715396	-2100.7928758251337
-326.29958068667776	-2110.98335201561
-316.10910449620155	-2121.173828206086
-316.10910449620155	-2131.364304396562
-305.91862830572535	-2141.5547805870383
-295.7281521152492	-2141.5547805870383
-285.537675924773	-2151.7452567775144
-275.3471997342968	-2151.7452567775144
-265.1567235438206	-2161.9357329679906
-254.96624735334441	-2161.9357329679906
-244.77577116286824	-2172.1262091584667
-234.58529497239203	-2182.3166853489433
-224.39481878191586	-2192.5071615394195
-214.20434259143966	-2202.6976377298956
-204.01386640096348	-2212.888113920372
-193.82339021048728	-2223.078590110848
-183.6329140200111	-2233.269066301324
-173.4424378295349	-2243.4595424918
-163.25196163905872	-2253.6500186822764
-153.06148544858252	-2263.8404948727525
-142.87100925810634	-2274.0309710632287
-132.68053306763014	-2284.221447253705
-122.49005687715396	-2294.4119234441814
-122.49005687715396	-2304.6023996346576
-112.29958068667777	-2314.7928758251337
-102.10910449620158	-2314.7928758251337
-91.91862830572539	-2324.98335201561
-91.91862830572539	-2335.173828206086
-81.7281521152492	-2345.364304396562
-71.53767592477301	-2345.364304396562
-61.34719973429682	-2355.5547805870383
-51.15672354382063	-2365.7452567775144
-40.96624735334444	-2375.9357329679906
-30.77577116286825	-2386.1262091584667
-20.58529497239206	-2386.1262091584667
-10.39481878191587	-2396.316685348943
-0.20434259143968075	-2406.5071615394195
9.98613359903651	-2406.5071615394195
20.1766097895127	-2406.5071615394195
30.36708597998889	-2416.6976377298956
40.557562170465076	-2416.6976377298956
50.748038360941266	-2426.888113920372
60.938514551417455	-2426.888113920372
71.12899074189365	-2437.078590110848
81.31946693236983	-2437.078590110848
91.50994312284602	-2447.269066301324
101.70041931332221	-2447.269066301324
111.8908955037984	-2457.4595424918
122.0813716942746	-2457.4595424918
132.2718478847508	-2457.4595424918
142.46232407522697	-2457.4595424918
152.65280026570318	-2457.4595424918
162.84327645617935	-2457.4595424918
173.03375264665556	-2457.4595424918
183.22422883713173	-2457.4595424918
193.41470502760794	-2447.269066301324
203.6051812180841	-2447.269066301324
213.79565740856032	-2437.078590110848
223.9861335990365	-2437.078590110848
234.1766097895127	-2426.888113920372
244.36708597998887	-2416.6976377298956
254.55756217046508	-2406.5071615394195
264.7480383609413	-2396.316685348943
274.9385145514174	-2386.1262091584667
274.9385145514174	-2375.9357329679906
274.9385145514174	-2365.7452567775144
285.12899074189363	-2355.5547805870383
285.12899074189363	-2345.364304396562
295.31946693236983	-2335.173828206086
305.50994312284604	-2324.98335201561
315.7004193133222	-2314.7928758251337
315.7004193133222	-2304.6023996346576
315.7004193133222	-2294.4119234441814
315.7004193133222	-2284.221447253705
315.7004193133222	-2274.0309710632287
315.7004193133222	-2263.8404948727525
325.8908955037984	-2253.6500186822764
325.8908955037984	-2243.4595424918
325.8908955037984	-2233.269066301324
325.8908955037984	-2223.078590110848
325.8908955037984	-2212.888113920372
325.8908955037984	-2202.6976377298956
325.8908955037984	-2192.5071615394195
325.8908955037984	-2182.3166853489433
325.8908955037984	-2172.1262091584667
325.8908955037984	-2161.9357329679906
325.8908955037984	-2151.7452567775144
325.8908955037984	-2141.5547805870383
325.8908955037984	-2131.364304396562
336.0813716942746	-2121.173828206086
336.0813716942746	-2110.98335201561
336.0813716942746	-2100.7928758251337
336.0813716942746	-2090.6023996346576
336.0813716942746	-2080.4119234441814
346.2718478847508	-2070.221447253705
356.46232407522695	-2060.0309710632287
366.65280026570315	-2049.8404948727525
366.65280026570315	-2039.6500186822764
376.84327645617935	-2029.4595424918002
387.03375264665556	-2019.269066301324
387.03375264665556	-2009.078590110848
397.2242288371317	-1998.8881139203718
407.4147050276079	-1988.6976377298954
417.6051812180841	-1988.6976377298954
427.7956574085603	-1978.5071615394193
437.98613359903646	-1968.316685348943
448.17660978951267	-1958.126209158467
458.3670859799889	-1947.9357329679908
468.5575621704651	-1947.9357329679908
468.5575621704651	-1937.7452567775147
478.7480383609412	-1927.5547805870383
478.7480383609412	-1917.3643043965621
488.9385145514174	-1907.173828206086
499.12899074189363	-1896.9833520156099
509.31946693236983	-1886.7928758251337
509.31946693236983	-1876.6023996346573
519.509943122846	-1866.4119234441812
529.7004193133222	-1856.221447253705
539.8908955037983	-1846.030971063229
539.8908955037983	-1835.8404948727527
550.0813716942746	-1825.6500186822764
560.2718478847507	-1815.4595424918002
570.462324075227	-1805.269066301324
580.6528002657031	-1805.269066301324
590.8432764561793	-1795.078590110848
601.0337526466556	-1784.8881139203718
611.2242288371317	-1774.6976377298956
611.2242288371317	-1764.5071615394193
621.4147050276079	-1754.316685348943
631.6051812180841	-1744.126209158467
631.6051812180841	-1733.9357329679908
641.7956574085603	-1723.7452567775147
651.9861335990365	-1713.5547805870383
662.1766097895127	-1703.3643043965621
672.3670859799888	-1693.173828206086
672.3670859799888	-1682.9833520156099
682.5575621704651	-1672.7928758251337
692.7480383609412	-1672.7928758251337
692.7480383609412	-1662.6023996346573
702.9385145514174	-1652.4119234441812
713.1289907418936	-1642.221447253705
723.3194669323698	-1642.221447253705
733.509943122846	-1632.030971063229
743.7004193133222	-1621.8404948727527
753.8908955037983	-1621.8404948727527
764.0813716942746	-1611.6500186822766
774.2718478847507	-1611.6500186822766
784.4623240752269	-1601.4595424918002
794.6528002657031	-1591.269066301324
804.8432764561793	-1581.078590110848
815.0337526466556	-1570.8881139203718
815.0337526466556	-1560.6976377298956
825.2242288371317	-1550.5071615394193
825.2242288371317	-1540.316685348943
825.2242288371317	-1530.126209158467
835.4147050276079	-1519.9357329679908
845.6051812180841	-1509.7452567775147
855.7956574085603	-1499.5547805870383
865.9861335990364	-1489.3643043965621
876.1766097895127	-1479.173828206086
886.3670859799888	-1468.9833520156099
896.5575621704651	-1458.7928758251337
896.5575621704651	-1448.6023996346576
906.7480383609412	-1438.4119234441812
906.7480383609412	-1428.221447253705
916.9385145514174	-1418.030971063229
916.9385145514174	-1407.8404948727527
927.1289907418936	-1397.6500186822766
937.3194669323698	-1387.4595424918002
937.3194669323698	-1377.269066301324
947.5099431228459	-1367.078590110848
947.5099431228459	-1356.8881139203718
947.5099431228459	-1346.6976377298956
957.7004193133222	-1336.5071615394193
967.8908955037983	-1326.316685348943
978.0813716942746	-1316.126209158467
988.2718478847507	-1305.9357329679908
998.4623240752269	-1295.7452567775147
1008.6528002657031	-1285.5547805870385
1018.8432764561793	-1275.3643043965621
1029.0337526466556	-1265.173828206086
1039.2242288371317	-1265.173828206086
1049.4147050276079	-1254.9833520156099
1059.605181218084	-1244.7928758251337
1069.7956574085601	-1234.6023996346576
1079.9861335990365	-1224.4119234441812
1090.1766097895127	-1214.221447253705
1090.1766097895127	-1204.030971063229
1100.3670859799888	-1193.8404948727527
1110.557562170465	-1183.6500186822766
1120.748038360941	-1173.4595424918002
1120.748038360941	-1163.269066301324
1130.9385145514175	-1153.078590110848
1141.1289907418936	-1142.8881139203718
1151.3194669323698	-1142.8881139203718
1151.3194669323698	-1132.6976377298956
1161.509943122846	-1122.5071615394195
1171.700419313322	-1122.5071615394195
1171.700419313322	-1112.316685348943
1181.8908955037984	-1102.126209158467
1192.0813716942746	-1102.126209158467
1202.2718478847507	-1091.9357329679908
1212.462324075227	-1081.7452567775147
1222.652800265703	-1081.7452567775147
1222.652800265703	-1071.5547805870385
1232.8432764561792	-1061.3643043965621
1232.8432764561792	-1051.173828206086
1243.0337526466556	-1040.9833520156099
1253.2242288371317	-1030.7928758251337
1263.4147050276079	-1020.6023996346574
1273.605181218084	-1010.4119234441813
1283.7956574085601	-1010.4119234441813
1293.9861335990365	-1000.2214472537052
1304.1766097895127	-1000.2214472537052
1314.3670859799888	-990.0309710632289
1324.557562170465	-979.8404948727527
1334.748038360941	-969.6500186822765
1334.748038360941	-959.4595424918003
1344.9385145514175	-949.2690663013242
1355.1289907418936	-939.0785901108479
1365.3194669323698	-939.0785901108479
1365.3194669323698	-928.8881139203718
1375.509943122846	-918.6976377298956
1385.700419313322	-908.5071615394194
1395.8908955037982	-898.3166853489432
1406.0813716942746	-888.126209158467
1416.2718478847507	-877.9357329679908
1426.462324075227	-877.9357329679908
1436.652800265703	-877.9357329679908
1446.8432764561792	-867.7452567775147
1457.0337526466556	-867.7452567775147
1467.2242288371317	-857.5547805870384
1477.4147050276079	-847.3643043965623
1477.4147050276079	-837.1738282060861
1487.605181218084	-826.9833520156099
1487.605181218084	-816.7928758251337
1487.605181218084	-806.6023996346574
1497.7956574085601	-796.4119234441813
1507.9861335990365	-786.2214472537052
1518.1766097895127	-776.0309710632289
1528.3670859799888	-765.8404948727527
1538.557562170465	-755.6500186822766
1538.557562170465	-745.4595424918003
1538.557562170465	-735.2690663013242
1548.748038360941	-725.0785901108479
1558.9385145514173	-714.8881139203718
1558.9385145514173	-704.6976377298956
1569.1289907418936	-694.5071615394194
1579.3194669323698	-684.3166853489432
1579.3194669323698	-674.1262091584671
1589.509943122846	-663.9357329679908
1599.700419313322	-653.7452567775147
1599.700419313322	-643.5547805870384
1609.8908955037982	-633.3643043965623
1609.8908955037982	-623.1738282060861
1609.8908955037982	-612.9833520156099
1609.8908955037982	-602.7928758251337
1609.8908955037982	-592.6023996346576
1620.0813716942746	-582.4119234441813
1620.0813716942746	-572.2214472537052
1630.2718478847507	-562.0309710632289
1640.462324075227	-551.8404948727527
1650.652800265703	-541.6500186822766
1650.652800265703	-531.4595424918003
1660.8432764561792	-521.2690663013242
1671.0337526466556	-511.078590110848
1681.2242288371317	-511.078590110848
1691.4147050276079	-500.8881139203718
1691.4147050276079	-490.69763772989563
1701.605181218084	-480.5071615394194
1711.7956574085601	-470.3166853489432
1721.9861335990363	-460.126209158467
1721.9861335990363	-449.9357329679909
1732.1766097895127	-439.74525677751467
1732.1766097895127	-429.55478058703847
1742.3670859799888	-419.36430439656226
1742.3670859799888	-409.1738282060861
1752.557562170465	-398.9833520156099
1762.748038360941	-388.7928758251337
1762.748038360941	-378.6023996346575
1772.9385145514173	-368.41192344418135
1772.9385145514173	-358.22144725370515
1772.9385145514173	-348.03097106322895
1783.1289907418936	-337.84049487275274
1783.1289907418936	-327.6500186822766
1793.3194669323698	-317.4595424918004
1793.3194669323698	-307.2690663013242
1803.509943122846	-297.078590110848
1803.509943122846	-286.88811392037184
1803.509943122846	-276.69763772989563
1813.700419313322	-266.5071615394194
1813.700419313322	-256.3166853489432
1823.8908955037982	-246.12620915846705
1834.0813716942746	-235.93573296799087
1834.0813716942746	-225.74525677751467
1844.2718478847507	-215.5547805870385
1844.2718478847507	-205.3643043965623
1854.462324075227	-195.1738282060861
1854.462324075227	-184.9833520156099
1854.462324075227	-174.79287582513373
1864.652800265703	-164.60239963465753
1864.652800265703	-154.41192344418135
1864.652800265703	-144.22144725370515
1864.652800265703	-134.03097106322898
1864.652800265703	-123.84049487275279
1864.652800265703	-113.6500186822766
1874.8432764561792	-103.4595424918004
1874.8432764561792	-93.26906630132422
1874.8432764561792	-83.07859011084803
1874.8432764561792	-72.88811392037184
1874.8432764561792	-62.697637729895646
1885.0337526466553	-52.50716153941946
1885.0337526466553	-42.31668534894327
1885.0337526466553	-32.12620915846708
1885.0337526466553	-21.935732967990884
1885.0337526466553	-11.745256777514696
1885.0337526466553	-1.5547805870385054
1885.0337526466553	8.635695603437684
1895.2242288371317	18.826171793913876
1895.2242288371317	29.016647984390065
1905.4147050276079	39.20712417486625
1905.4147050276079	49.39760036534244
1915.605181218084	59.58807655581863
1915.605181218084	69.77855274629482
1915.605181218084	79.96902893677101
1915.605181218084	90.1595051272472
1915.605181218084	100.34998131772339
1915.605181218084	110.54045750819958
1915.605181218084	120.73093369867577
1915.605181218084	130.92140988915196
1925.7956574085601	141.11188607962816
1925.7956574085601	151.30236227010434
1925.7956574085601	161.49283846058054
1935.9861335990363	171.68331465105672
1935.9861335990363	181.87379084153292
1935.9861335990363	192.0642670320091
1935.9861335990363	202.2547432224853
1935.9861335990363	212.44521941296148
1946.1766097895127	222.63569560343768
1946.1766097895127	232.82617179391386
1946.1766097895127	243.01664798439006
1946.1766097895127	253.20712417486624
1946.1766097895127	263.39760036534244
1956.3670859799888	273.58807655581865
1956.3670859799888	283.7785527462948
1956.3670859799888	293.969028936771
1956.3670859799888	304.1595051272472
1956.3670859799888	314.3499813177234
1956.3670859799888	324.54045750819955
1956.3670859799888	334.73093369867576
1956.3670859799888	344.92140988915196
1956.3670859799888	355.11188607962816
1956.3670859799888	365.3023622701043
1966.557562170465	375.4928384605805
1966.557562170465	385.6833146510567
1966.557562170465	395.8737908415329
1976.748038360941	406.06426703200907
1976.748038360941	416.2547432224853
1976.748038360941	426.4452194129615
1976.748038360941	436.6356956034377
1976.748038360941	446.82617179391383
1976.748038360941	457.01664798439003
1976.748038360941	467.20712417486624
1976.748038360941	477.39760036534244
1976.748038360941	487.5880765558186
1976.748038360941	497.7785527462948
1976.748038360941	507.969028936771
1976.748038360941	518.1595051272471
1976.748038360941	528.3499813177234
1976.748038360941	538.5404575081996
1976.748038360941	548.7309336986757
1986.9385145514173	558.921409889152
1986.9385145514173	569.1118860796281
1986.9385145514173	579.3023622701044
1997.1289907418936	589.4928384605805
1997.1289907418936	599.6833146510567
1997.1289907418936	609.8737908415329
2007.3194669323698	620.0642670320091
2007.3194669323698	630.2547432224852
2007.3194669323698	640.4452194129615
2007.3194669323698	650.6356956034376
2007.3194669323698	660.8261717939139
2007.3194669323698	671.01664798439
2007.3194669323698	681.2071241748662
2007.3194669323698	691.3976003653424
2007.3194669323698	701.5880765558186
2007.3194669323698	711.7785527462947
2007.3194669323698	721.969028936771
2007.3194669323698	732.1595051272471
2007.3194669323698	742.3499813177234
2007.3194669323698	752.5404575081996
2007.3194669323698	762.7309336986757
2007.3194669323698	772.921409889152
2007.3194669323698	783.1118860796281
2007.3194669323698	793.3023622701043
2007.3194669323698	803.4928384605805
1997.1289907418936	813.6833146510567
1997.1289907418936	823.8737908415329
1997.1289907418936	834.0642670320091
1997.1289907418936	844.2547432224852
1997.1289907418936	854.4452194129615
1997.1289907418936	864.6356956034376
1997.1289907418936	874.8261717939138
1997.1289907418936	885.01664798439
1997.1289907418936	895.2071241748662
1997.1289907418936	905.3976003653424
1997.1289907418936	915.5880765558186
1997.1289907418936	925.7785527462947
1986.9385145514173	935.969028936771
1976.748038360941	946.1595051272471
1966.557562170465	956.3499813177233
1956.3670859799888	966.5404575081996
1946.1766097895127	966.5404575081996
1935.9861335990363	976.7309336986757
1925.7956574085601	986.921409889152
1915.605181218084	997.1118860796281
1915.605181218084	1007.3023622701043
1905.4147050276079	1017.4928384605805
1895.2242288371317	1027.6833146510567
1885.0337526466553	1037.8737908415328
1874.8432764561792	1048.064267032009
1864.652800265703	1058.2547432224853
1854.462324075227	1068.4452194129615
1854.462324075227	1078.6356956034376
1844.2718478847507	1088.8261717939138
1844.2718478847507	1099.01664798439
1834.0813716942746	1109.2071241748663
1834.0813716942746	1119.3976003653424
1823.8908955037982	1129.5880765558186
1813.700419313322	1139.7785527462947
1803.509943122846	1149.9690289367709
1793.3194669323698	1160.159505127247
1783.1289907418936	1160.159505127247
1772.9385145514173	1170.3499813177234
1772.9385145514173	1180.5404575081996
1772.9385145514173	1190.7309336986757
1762.748038360941	1200.9214098891518
1752.557562170465	1211.111886079628
1742.3670859799888	1221.3023622701044
1742.3670859799888	1231.4928384605805
1732.1766097895127	1241.6833146510567
1721.9861335990363	1251.8737908415328
1721.9861335990363	1262.064267032009
1711.7956574085601	1272.2547432224853
1711.7956574085601	1282.4452194129615
1701.605181218084	1282.4452194129615
1691.4147050276079	1292.6356956034376
1681.2242288371317	1302.8261717939138
1671.0337526466556	1313.01664798439
1660.8432764561792	1313.01664798439
1650.652800265703	1323.207124174866
1650.652800265703	1333.3976003653424
1640.462324075227	1343.5880765558186
1630.2718478847507	1353.7785527462947
1630.2718478847507	1363.9690289367709
1620.0813716942746	1374.159505127247
1620.0813716942746	1384.3499813177234
1609.8908955037982	1394.5404575081996
1599.700419313322	1404.7309336986757
1599.700419313322	1414.9214098891518
1589.509943122846	1425.111886079628
1589.509943122846	1435.3023622701044
1579.3194669323698	1445.4928384605805
1579.3194669323698	1455.6833146510567
1569.1289907418936	1465.8737908415328
1558.9385145514173	1476.064267032009
1548.748038360941	1486.254743222485
1538.557562170465	1496.4452194129615
1528.3670859799888	1506.6356956034376
1518.1766097895127	1506.6356956034376
1507.9861335990365	1516.8261717939138
1497.7956574085601	1527.01664798439
1487.605181218084	1537.207124174866
1477.4147050276079	1547.3976003653424
1467.2242288371317	1547.3976003653424
1457.0337526466556	1557.5880765558186
1446.8432764561792	1567.7785527462947
1436.652800265703	1567.7785527462947
1426.462324075227	1567.7785527462947
1416.2718478847507	1577.9690289367709
1406.0813716942746	1577.9690289367709
1395.8908955037982	1588.159505127247
1385.700419313322	1588.159505127247
1375.509943122846	1588.159505127247
1365.3194669323698	1588.159505127247
1355.1289907418936	1598.3499813177234
1344.9385145514175	1598.3499813177234
1334.748038360941	1608.5404575081996
1324.557562170465	1608.5404575081996
1314.3670859799888	1618.7309336986757
1304.1766097895127	1628.9214098891518
1293.9861335990365	1628.9214098891518
1283.7956574085601	1639.111886079628
1273.605181218084	1649.3023622701041
1263.4147050276079	1659.4928384605805
1253.2242288371317	1659.4928384605805
1243.0337526466556	1669.6833146510567
1232.8432764561792	1669.6833146510567
1222.652800265703	1679.8737908415328
1212.462324075227	1690.064267032009
1202.2718478847507	1700.254743222485
1192.0813716942746	1710.4452194129615
1181.8908955037984	1720.6356956034376
1171.700419313322	1730.8261717939138
1161.509943122846	1741.01664798439
1151.3194669323698	1741.01664798439
1141.1289907418936	1751.207124174866
1130.9385145514175	1761.3976003653424
1120.748038360941	1771.5880765558186
1110.557562170465	1781.7785527462947
1100.3670859799888	1781.7785527462947
1090.1766097895127	1791.9690289367709
1079.9861335990365	1802.159505127247
1069.7956574085601	1802.159505127247
1059.605181218084	1812.3499813177232
1049.4147050276079	1812.3499813177232
1039.2242288371317	1822.5404575081996
1029.0337526466556	1822.5404575081996
1018.8432764561793	1832.7309336986757
1008.6528002657031	1832.7309336986757
998.4623240752269	1832.7309336986757
988.2718478847507	1842.9214098891518
978.0813716942746	1842.9214098891518
967.8908955037983	1842.9214098891518
957.7004193133222	1842.9214098891518
947.5099431228459	1842.9214098891518
937.3194669323698	1842.9214098891518
927.1289907418936	1853.111886079628
916.9385145514174	1853.111886079628
906.7480383609412	1863.3023622701041
896.5575621704651	1863.3023622701041
886.3670859799888	1863.3023622701041
876.1766097895127	1873.4928384605805
865.9861335990364	1873.4928384605805
855.7956574085603	1873.4928384605805
845.6051812180841	1883.6833146510567
835.4147050276079	1893.8737908415328
825.2242288371317	1893.8737908415328
815.0337526466556	1904.064267032009
804.8432764561793	1914.254743222485
794.6528002657031	1914.254743222485
784.4623240752269	1924.4452194129615
774.2718478847507	1924.4452194129615
764.0813716942746	1934.6356956034376
753.8908955037983	1934.6356956034376
743.7004193133222	1934.6356956034376
733.509943122846	1934.6356956034376
723.3194669323698	1944.8261717939138
713.1289907418936	1944.8261717939138
702.9385145514174	1955.01664798439
692.7480383609412	1955.01664798439
682.5575621704651	1965.207124174866
672.3670859799888	1965.207124174866
662.1766097895127	1975.3976003653422
651.9861335990365	1975.3976003653422
641.7956574085603	1985.5880765558186
631.6051812180841	1985.5880765558186
621.4147050276079	1995.7785527462947
611.2242288371317	1995.7785527462947
601.0337526466556	2005.9690289367709
590.8432764561793	2005.9690289367709
580.6528002657031	2005.9690289367709
570.462324075227	2016.159505127247
560.2718478847507	2016.159505127247
550.0813716942746	2016.159505127247
539.8908955037983	2016.159505127247
529.7004193133222	2016.159505127247
519.509943122846	2026.3499813177232
509.31946693236983	2026.3499813177232
499.12899074189363	2016.159505127247
488.9385145514174	2016.159505127247
478.7480383609412	2016.159505127247
468.5575621704651	2016.159505127247
458.3670859799889	2026.3499813177232
448.17660978951267	2026.3499813177232
437.98613359903646	2026.3499813177232
427.7956574085603	2026.3499813177232
417.6051812180841	2026.3499813177232
407.4147050276079	2026.3499813177232
397.2242288371317	2036.5404575081996
387.03375264665556	2036.5404575081996
376.84327645617935	2036.5404575081996
366.65280026570315	2036.5404575081996
356.46232407522695	2036.5404575081996
346.2718478847508	2046.7309336986757
336.0813716942746	2046.7309336986757
325.8908955037984	2046.7309336986757
315.7004193133222	2036.5404575081996
305.50994312284604	2036.5404575081996
295.31946693236983	2036.5404575081996
285.12899074189363	2036.5404575081996
274.9385145514174	2036.5404575081996
264.7480383609413	2036.5404575081996
254.55756217046508	2036.5404575081996
244.36708597998887	2036.5404575081996
234.1766097895127	2036.5404575081996
223.9861335990365	2036.5404575081996
213.79565740856032	2036.5404575081996
203.6051812180841	2036.5404575081996
193.41470502760794	2036.5404575081996
183.22422883713173	2036.5404575081996
173.03375264665556	2046.7309336986757
162.84327645617935	2046.7309336986757
152.65280026570318	2046.7309336986757
142.46232407522697	2046.7309336986757
132.2718478847508	2046.7309336986757
122.0813716942746	2046.7309336986757
111.8908955037984	2046.7309336986757
101.70041931332221	2056.9214098891516
91.50994312284602	2056.9214098891516
