# particle morphology
# using file: 45-05X-H.png
#
#x/µm	y/µm
360.8157977004471	1935.4168616677493
347.26213522288873	1921.8631991901912
333.70847274533037	1921.8631991901912
320.154810267772	1921.8631991901912
306.60114779021364	1921.8631991901912
293.04748531265534	1921.8631991901912
279.493822835097	1921.8631991901912
265.9401603575386	1921.8631991901912
252.38649787998028	1908.3095367126327
238.83283540242192	1908.3095367126327
225.27917292486356	1908.3095367126327
211.72551044730523	1908.3095367126327
198.17184796974686	1894.7558742350743
184.61818549218853	1881.202211757516
171.06452301463017	1881.202211757516
157.51086053707184	1881.202211757516
143.95719805951347	1881.202211757516
130.4035355819551	1881.202211757516
116.84987310439678	1894.7558742350743
103.29621062683843	1881.202211757516
89.74254814928008	1881.202211757516
76.18888567172172	1867.6485492799577
62.63522319416338	1867.6485492799577
49.081560716605026	1854.0948868023993
35.52789823904668	1840.5412243248409
21.97423576148833	1840.5412243248409
8.42057328392998	1840.5412243248409
-5.13308919362837	1840.5412243248409
-18.68675167118672	1840.5412243248409
-32.24041414874507	1826.9875618472827
-45.794076626303415	1826.9875618472827
-59.34773910386177	1826.9875618472827
-72.90140158142012	1826.9875618472827
-86.45506405897846	1826.9875618472827
-100.00872653653681	1826.9875618472827
-113.56238901409516	1813.4338993697243
-127.11605149165351	1813.4338993697243
-140.66971396921187	1813.4338993697243
-154.2233764467702	1813.4338993697243
-167.77703892432856	1813.4338993697243
-181.3307014018869	1813.4338993697243
-194.88436387944526	1799.8802368921658
-208.43802635700362	1799.8802368921658
-221.99168883456196	1799.8802368921658
-235.54535131212032	1799.8802368921658
-249.09901378967865	1799.8802368921658
-262.652676267237	1799.8802368921658
-276.20633874479535	1799.8802368921658
-289.7600012223537	1799.8802368921658
-303.31366369991207	1799.8802368921658
-316.86732617747043	1799.8802368921658
-330.42098865502874	1799.8802368921658
-343.9746511325871	1799.8802368921658
-357.52831361014546	1786.3265744146076
-371.0819760877038	1786.3265744146076
-384.6356385652621	1786.3265744146076
-398.1893010428205	1786.3265744146076
-411.74296352037885	1786.3265744146076
-425.2966259979372	1772.7729119370492
-438.8502884754956	1772.7729119370492
-452.4039509530539	1772.7729119370492
-465.95761343061224	1772.7729119370492
-479.5112759081706	1759.2192494594908
-493.06493838572896	1759.2192494594908
-506.61860086328727	1759.2192494594908
-520.1722633408457	1759.2192494594908
-533.725925818404	1759.2192494594908
-547.2795882959623	1759.2192494594908
-560.8332507735207	1759.2192494594908
-574.386913251079	1759.2192494594908
-587.9405757286374	1759.2192494594908
-601.4942382061957	1759.2192494594908
-615.047900683754	1759.2192494594908
-628.6015631613125	1745.6655869819324
-642.1552256388708	1745.6655869819324
-655.7088881164292	1745.6655869819324
-669.2625505939875	1745.6655869819324
-682.8162130715458	1745.6655869819324
-696.3698755491042	1745.6655869819324
-709.9235380266625	1745.6655869819324
-723.4772005042208	1745.6655869819324
-737.0308629817793	1745.6655869819324
-750.5845254593376	1759.2192494594908
-764.138187936896	1759.2192494594908
-777.6918504144543	1759.2192494594908
-791.2455128920126	1759.2192494594908
-804.799175369571	1759.2192494594908
-818.3528378471293	1759.2192494594908
-831.9065003246877	1759.2192494594908
-845.460162802246	1759.2192494594908
-859.0138252798043	1759.2192494594908
-872.5674877573628	1759.2192494594908
-886.1211502349211	1759.2192494594908
-899.6748127124795	1759.2192494594908
-913.2284751900378	1759.2192494594908
-926.7821376675961	1759.2192494594908
-940.3358001451545	1759.2192494594908
-953.8894626227128	1772.7729119370492
-967.4431251002712	1772.7729119370492
-980.9967875778295	1772.7729119370492
-994.5504500553878	1772.7729119370492
-1008.1041125329463	1786.3265744146076
-1021.6577750105046	1786.3265744146076
-1035.211437488063	1799.8802368921658
-1048.7650999656212	1799.8802368921658
-1062.3187624431796	1813.4338993697243
-1075.872424920738	1813.4338993697243
-1089.4260873982964	1813.4338993697243
-1102.9797498758546	1813.4338993697243
-1116.533412353413	1813.4338993697243
-1130.0870748309715	1813.4338993697243
-1143.6407373085297	1813.4338993697243
-1157.194399786088	1813.4338993697243
-1170.7480622636465	1826.9875618472827
-1184.3017247412047	1826.9875618472827
-1197.855387218763	1826.9875618472827
-1211.4090496963215	1826.9875618472827
-1224.9627121738797	1826.9875618472827
-1238.5163746514381	1840.5412243248409
-1252.0700371289965	1840.5412243248409
-1265.623699606555	1826.9875618472827
-1279.1773620841132	1826.9875618472827
-1292.7310245616716	1826.9875618472827
-1306.28468703923	1826.9875618472827
-1319.8383495167882	1826.9875618472827
-1333.3920119943466	1826.9875618472827
-1346.945674471905	1826.9875618472827
-1360.4993369494632	1826.9875618472827
-1374.0529994270216	1826.9875618472827
-1387.60666190458	1826.9875618472827
-1401.1603243821385	1826.9875618472827
-1414.7139868596967	1813.4338993697243
-1428.267649337255	1813.4338993697243
-1441.8213118148135	1813.4338993697243
-1455.3749742923717	1813.4338993697243
-1468.92863676993	1813.4338993697243
-1482.4822992474885	1813.4338993697243
-1496.0359617250467	1813.4338993697243
-1509.5896242026051	1813.4338993697243
-1523.1432866801636	1826.9875618472827
-1536.6969491577217	1826.9875618472827
-1550.2506116352802	1813.4338993697243
-1563.8042741128386	1813.4338993697243
-1577.357936590397	1813.4338993697243
-1590.9115990679552	1813.4338993697243
-1604.4652615455136	1799.8802368921658
-1618.018924023072	1799.8802368921658
-1631.5725865006302	1799.8802368921658
-1645.1262489781886	1799.8802368921658
-1658.679911455747	1799.8802368921658
-1672.2335739333053	1786.3265744146076
-1685.7872364108637	1786.3265744146076
-1699.340898888422	1786.3265744146076
-1712.8945613659805	1786.3265744146076
-1726.4482238435387	1786.3265744146076
-1740.0018863210971	1772.7729119370492
-1753.5555487986555	1772.7729119370492
-1767.1092112762137	1772.7729119370492
-1780.6628737537721	1772.7729119370492
-1794.2165362313306	1772.7729119370492
-1807.7701987088888	1772.7729119370492
-1821.3238611864472	1772.7729119370492
-1834.8775236640056	1772.7729119370492
-1848.4311861415638	1772.7729119370492
-1861.9848486191222	1772.7729119370492
-1875.5385110966806	1772.7729119370492
-1889.092173574239	1772.7729119370492
-1902.6458360517972	1772.7729119370492
-1916.1994985293557	1759.2192494594908
-1929.753161006914	1759.2192494594908
-1943.3068234844723	1759.2192494594908
-1956.8604859620307	1759.2192494594908
-1970.414148439589	1759.2192494594908
-1983.9678109171473	1745.6655869819324
-1997.5214733947057	1759.2192494594908
-2011.0751358722641	1759.2192494594908
-2024.6287983498223	1759.2192494594908
-2038.1824608273807	1745.6655869819324
-2051.736123304939	1745.6655869819324
-2065.2897857824973	1745.6655869819324
-2078.843448260056	1732.1119245043742
-2092.397110737614	1718.5582620268158
-2105.9507732151724	1718.5582620268158
-2119.504435692731	1705.0045995492574
-2133.058098170289	1705.0045995492574
-2146.6117606478474	1691.4509370716992
-2160.165423125406	1691.4509370716992
-2173.7190856029642	1677.8972745941408
-2187.2727480805224	1677.8972745941408
-2200.826410558081	1664.3436121165823
-2214.3800730356393	1664.3436121165823
-2227.9337355131975	1650.7899496390241
-2241.487397990756	1650.7899496390241
-2255.0410604683143	1637.2362871614657
-2268.594722945873	1623.6826246839073
-2282.148385423431	1623.6826246839073
-2295.7020479009893	1610.1289622063491
-2309.255710378548	1610.1289622063491
-2322.809372856106	1596.5752997287907
-2336.3630353336644	1596.5752997287907
-2349.916697811223	1583.0216372512323
-2363.470360288781	1583.0216372512323
-2377.0240227663394	1569.4679747736739
-2390.577685243898	1569.4679747736739
-2404.131347721456	1555.9143122961157
-2417.6850101990144	1542.3606498185572
-2431.238672676573	1542.3606498185572
-2444.7923351541313	1528.8069873409988
-2458.3459976316894	1515.2533248634406
-2471.899660109248	1501.6996623858822
-2485.4533225868063	1488.1459999083238
-2499.0069850643645	1474.5923374307656
-2512.560647541923	1474.5923374307656
-2526.1143100194813	1461.0386749532072
-2539.6679724970395	1447.4850124756488
-2553.221634974598	1447.4850124756488
-2566.7752974521563	1433.9313499980906
-2580.328959929715	1420.3776875205322
-2593.882622407273	1406.8240250429737
-2607.4362848848314	1393.2703625654153
-2620.98994736239	1379.7167000878571
-2634.543609839948	1366.1630376102987
-2634.543609839948	1352.6093751327403
-2648.0972723175064	1339.055712655182
-2661.650934795065	1325.5020501776237
-2661.650934795065	1311.9483877000653
-2675.2045972726232	1298.394725222507
-2675.2045972726232	1284.8410627449487
-2688.7582597501814	1271.2874002673902
-2702.31192222774	1257.7337377898318
-2702.31192222774	1244.1800753122736
-2715.8655847052983	1230.6264128347152
-2715.8655847052983	1217.0727503571568
-2729.4192471828565	1203.5190878795986
-2729.4192471828565	1189.9654254020402
-2742.972909660415	1176.4117629244818
-2742.972909660415	1162.8581004469236
-2742.972909660415	1149.3044379693652
-2742.972909660415	1135.7507754918067
-2756.5265721379733	1122.1971130142485
-2770.0802346155315	1108.6434505366901
-2770.0802346155315	1095.0897880591317
-2770.0802346155315	1081.5361255815733
-2770.0802346155315	1067.982463104015
-2770.0802346155315	1054.4288006264567
-2770.0802346155315	1040.8751381488983
-2783.63389709309	1027.32147567134
-2797.1875595706483	1013.7678131937816
-2797.1875595706483	1000.2141507162233
-2797.1875595706483	986.6604882386649
-2797.1875595706483	973.1068257611066
-2783.63389709309	959.5531632835482
-2783.63389709309	945.9995008059899
-2783.63389709309	932.4458383284316
-2783.63389709309	918.8921758508732
-2783.63389709309	905.3385133733149
-2783.63389709309	891.7848508957564
-2783.63389709309	878.2311884181981
-2783.63389709309	864.6775259406398
-2770.0802346155315	851.1238634630814
-2770.0802346155315	837.5702009855231
-2756.5265721379733	824.0165385079647
-2756.5265721379733	810.4628760304064
-2756.5265721379733	796.9092135528481
-2756.5265721379733	783.3555510752897
-2756.5265721379733	769.8018885977314
-2742.972909660415	756.248226120173
-2742.972909660415	742.6945636426146
-2742.972909660415	729.1409011650563
-2742.972909660415	715.5872386874979
-2742.972909660415	702.0335762099396
-2742.972909660415	688.4799137323813
-2742.972909660415	674.9262512548229
-2742.972909660415	661.3725887772646
-2742.972909660415	647.8189262997062
-2742.972909660415	634.2652638221479
-2729.4192471828565	620.7116013445896
-2729.4192471828565	607.1579388670311
-2715.8655847052983	593.6042763894728
-2715.8655847052983	580.0506139119144
-2702.31192222774	566.4969514343561
-2702.31192222774	552.9432889567978
-2702.31192222774	539.3896264792394
-2702.31192222774	525.8359640016811
-2702.31192222774	512.2823015241227
-2702.31192222774	498.72863904656435
-2702.31192222774	485.174976569006
-2688.7582597501814	471.6213140914477
-2688.7582597501814	458.0676516138893
-2688.7582597501814	444.51398913633096
-2688.7582597501814	430.9603266587726
-2675.2045972726232	417.40666418121424
-2675.2045972726232	403.85300170365593
-2661.650934795065	390.2993392260976
-2661.650934795065	376.7456767485392
-2661.650934795065	363.19201427098085
-2661.650934795065	349.63835179342254
-2648.0972723175064	336.0846893158642
-2648.0972723175064	322.5310268383058
-2648.0972723175064	308.97736436074746
-2634.543609839948	295.4237018831891
-2634.543609839948	281.8700394056308
-2620.98994736239	268.31637692807243
-2620.98994736239	254.76271445051407
-2607.4362848848314	241.20905197295573
-2593.882622407273	227.65538949539737
-2580.328959929715	214.101727017839
-2580.328959929715	200.54806454028068
-2580.328959929715	186.99440206272232
-2566.7752974521563	173.44073958516398
-2566.7752974521563	159.88707710760562
-2553.221634974598	146.3334146300473
-2553.221634974598	132.77975215248892
-2539.6679724970395	119.22608967493058
-2526.1143100194813	105.67242719737223
-2526.1143100194813	92.11876471981388
-2512.560647541923	78.56510224225553
-2499.0069850643645	65.01143976469717
-2485.4533225868063	51.45777728713883
-2471.899660109248	37.90411480958048
-2458.3459976316894	24.35045233202213
-2458.3459976316894	10.79678985446378
-2444.7923351541313	-2.7568726230945693
-2431.238672676573	-16.310535100652917
-2431.238672676573	-29.864197578211268
-2417.6850101990144	-43.417860055769616
-2404.131347721456	-56.97152253332796
-2390.577685243898	-70.52518501088632
-2377.0240227663394	-84.07884748844467
-2377.0240227663394	-97.63250996600301
-2363.470360288781	-111.18617244356136
-2349.916697811223	-124.73983492111971
-2349.916697811223	-138.29349739867806
-2336.3630353336644	-151.84715987623642
-2322.809372856106	-165.40082235379475
-2309.255710378548	-165.40082235379475
-2295.7020479009893	-178.9544848313531
-2295.7020479009893	-192.50814730891145
-2282.148385423431	-206.0618097864698
-2282.148385423431	-219.61547226402817
-2282.148385423431	-233.1691347415865
-2282.148385423431	-246.72279721914487
-2268.594722945873	-260.2764596967032
-2255.0410604683143	-273.83012217426153
-2255.0410604683143	-287.3837846518199
-2241.487397990756	-300.93744712937826
-2227.9337355131975	-314.4911096069366
-2227.9337355131975	-328.044772084495
-2227.9337355131975	-341.5984345620533
-2227.9337355131975	-355.15209703961165
-2227.9337355131975	-368.70575951717
-2214.3800730356393	-382.25942199472837
-2214.3800730356393	-395.8130844722867
-2214.3800730356393	-409.36674694984504
-2214.3800730356393	-422.9204094274034
-2214.3800730356393	-436.47407190496176
-2214.3800730356393	-450.0277343825201
-2200.826410558081	-463.5813968600784
-2200.826410558081	-477.1350593376368
-2200.826410558081	-490.68872181519515
-2200.826410558081	-504.2423842927535
-2214.3800730356393	-517.7960467703118
-2214.3800730356393	-531.3497092478702
-2200.826410558081	-544.9033717254285
-2200.826410558081	-558.4570342029868
-2200.826410558081	-572.0106966805453
-2200.826410558081	-585.5643591581036
-2200.826410558081	-599.118021635662
-2200.826410558081	-612.6716841132203
-2200.826410558081	-626.2253465907786
-2200.826410558081	-639.779009068337
-2200.826410558081	-653.3326715458953
-2200.826410558081	-666.8863340234537
-2200.826410558081	-680.439996501012
-2200.826410558081	-693.9936589785704
-2200.826410558081	-707.5473214561288
-2214.3800730356393	-721.1009839336871
-2214.3800730356393	-734.6546464112454
-2214.3800730356393	-748.2083088888038
-2200.826410558081	-761.7619713663621
-2200.826410558081	-775.3156338439205
-2187.2727480805224	-788.8692963214788
-2187.2727480805224	-802.4229587990371
-2187.2727480805224	-815.9766212765956
-2173.7190856029642	-829.5302837541539
-2173.7190856029642	-843.0839462317123
-2173.7190856029642	-856.6376087092706
-2173.7190856029642	-870.1912711868289
-2173.7190856029642	-883.7449336643873
-2173.7190856029642	-897.2985961419456
-2173.7190856029642	-910.852258619504
-2173.7190856029642	-924.4059210970623
-2160.165423125406	-937.9595835746206
-2160.165423125406	-951.513246052179
-2160.165423125406	-965.0669085297374
-2160.165423125406	-978.6205710072958
-2160.165423125406	-992.1742334848541
-2160.165423125406	-1005.7278959624124
-2160.165423125406	-1019.2815584399708
-2160.165423125406	-1032.835220917529
-2160.165423125406	-1046.3888833950875
-2146.6117606478474	-1059.9425458726457
-2146.6117606478474	-1073.4962083502041
-2133.058098170289	-1087.0498708277626
-2133.058098170289	-1100.603533305321
-2133.058098170289	-1114.1571957828792
-2133.058098170289	-1127.7108582604376
-2133.058098170289	-1141.264520737996
-2133.058098170289	-1154.8181832155542
-2133.058098170289	-1168.3718456931126
-2133.058098170289	-1181.925508170671
-2133.058098170289	-1195.4791706482292
-2133.058098170289	-1209.0328331257876
-2133.058098170289	-1222.586495603346
-2133.058098170289	-1236.1401580809043
-2133.058098170289	-1249.6938205584627
-2133.058098170289	-1263.247483036021
-2133.058098170289	-1276.8011455135795
-2119.504435692731	-1290.3548079911377
-2119.504435692731	-1303.9084704686961
-2119.504435692731	-1317.4621329462545
-2119.504435692731	-1331.0157954238127
-2133.058098170289	-1344.5694579013712
-2133.058098170289	-1358.1231203789296
-2133.058098170289	-1371.6767828564878
-2133.058098170289	-1385.2304453340462
-2119.504435692731	-1398.7841078116046
-2119.504435692731	-1412.337770289163
-2119.504435692731	-1425.8914327667212
-2119.504435692731	-1439.4450952442796
-2119.504435692731	-1452.998757721838
-2119.504435692731	-1466.5524201993962
-2119.504435692731	-1480.1060826769547
-2119.504435692731	-1493.659745154513
-2119.504435692731	-1507.2134076320713
-2119.504435692731	-1520.7670701096297
-2119.504435692731	-1534.320732587188
-2119.504435692731	-1547.8743950647463
-2133.058098170289	-1561.4280575423047
-2133.058098170289	-1574.9817200198631
-2133.058098170289	-1588.5353824974216
-2133.058098170289	-1602.0890449749797
-2133.058098170289	-1615.6427074525382
-2119.504435692731	-1629.1963699300966
-2119.504435692731	-1642.7500324076548
-2119.504435692731	-1656.3036948852132
-2133.058098170289	-1669.8573573627716
-2133.058098170289	-1683.4110198403298
-2133.058098170289	-1696.9646823178882
-2133.058098170289	-1710.5183447954466
-2133.058098170289	-1724.072007273005
-2133.058098170289	-1737.6256697505632
-2133.058098170289	-1751.1793322281217
-2133.058098170289	-1764.73299470568
-2133.058098170289	-1778.2866571832383
-2133.058098170289	-1791.8403196607967
-2133.058098170289	-1805.393982138355
-2133.058098170289	-1818.9476446159133
-2133.058098170289	-1832.5013070934717
-2133.058098170289	-1846.0549695710301
-2133.058098170289	-1859.6086320485883
-2133.058098170289	-1873.1622945261468
-2133.058098170289	-1886.7159570037052
-2146.6117606478474	-1900.2696194812636
-2146.6117606478474	-1913.8232819588218
-2133.058098170289	-1927.3769444363802
-2133.058098170289	-1940.9306069139386
-2133.058098170289	-1954.4842693914968
-2133.058098170289	-1968.0379318690552
-2133.058098170289	-1981.5915943466136
-2119.504435692731	-1995.1452568241718
-2133.058098170289	-2008.6989193017303
-2119.504435692731	-2022.2525817792887
-2119.504435692731	-2035.8062442568469
-2119.504435692731	-2049.3599067344053
-2105.9507732151724	-2062.9135692119635
-2105.9507732151724	-2076.467231689522
-2092.397110737614	-2090.0208941670803
-2078.843448260056	-2103.5745566446385
-2065.2897857824973	-2103.5745566446385
-2051.736123304939	-2117.128219122197
-2038.1824608273807	-2117.128219122197
-2024.6287983498223	-2130.6818815997553
-2011.0751358722641	-2130.6818815997553
-1997.5214733947057	-2144.235544077314
-1983.9678109171473	-2144.235544077314
-1970.414148439589	-2144.235544077314
-1956.8604859620307	-2157.789206554872
-1943.3068234844723	-2157.789206554872
-1929.753161006914	-2171.3428690324304
-1916.1994985293557	-2171.3428690324304
-1902.6458360517972	-2171.3428690324304
-1889.092173574239	-2171.3428690324304
-1875.5385110966806	-2171.3428690324304
-1861.9848486191222	-2171.3428690324304
-1848.4311861415638	-2184.896531509989
-1834.8775236640056	-2184.896531509989
-1821.3238611864472	-2184.896531509989
-1807.7701987088888	-2184.896531509989
-1794.2165362313306	-2198.450193987547
-1780.6628737537721	-2198.450193987547
-1767.1092112762137	-2212.0038564651054
-1753.5555487986555	-2212.0038564651054
-1740.0018863210971	-2225.557518942664
-1726.4482238435387	-2225.557518942664
-1712.8945613659805	-2225.557518942664
-1699.340898888422	-2239.1111814202222
-1685.7872364108637	-2239.1111814202222
-1672.2335739333053	-2239.1111814202222
-1658.679911455747	-2239.1111814202222
-1645.1262489781886	-2239.1111814202222
-1631.5725865006302	-2252.6648438977804
-1618.018924023072	-2266.218506375339
-1604.4652615455136	-2266.218506375339
-1590.9115990679552	-2266.218506375339
-1577.357936590397	-2266.218506375339
-1563.8042741128386	-2266.218506375339
-1550.2506116352802	-2279.7721688528973
-1536.6969491577217	-2279.7721688528973
-1523.1432866801636	-2279.7721688528973
-1509.5896242026051	-2279.7721688528973
-1496.0359617250467	-2279.7721688528973
-1482.4822992474885	-2293.3258313304555
-1468.92863676993	-2293.3258313304555
-1455.3749742923717	-2293.3258313304555
-1441.8213118148135	-2306.879493808014
-1428.267649337255	-2306.879493808014
-1414.7139868596967	-2306.879493808014
-1401.1603243821385	-2306.879493808014
-1387.60666190458	-2306.879493808014
-1374.0529994270216	-2320.4331562855723
-1360.4993369494632	-2320.4331562855723
-1346.945674471905	-2320.4331562855723
-1333.3920119943466	-2320.4331562855723
-1319.8383495167882	-2306.879493808014
-1306.28468703923	-2306.879493808014
-1292.7310245616716	-2306.879493808014
-1279.1773620841132	-2306.879493808014
-1265.623699606555	-2306.879493808014
-1252.0700371289965	-2306.879493808014
-1238.5163746514381	-2306.879493808014
-1224.9627121738797	-2293.3258313304555
-1211.4090496963215	-2293.3258313304555
-1197.855387218763	-2279.7721688528973
-1184.3017247412047	-2279.7721688528973
-1170.7480622636465	-2279.7721688528973
-1157.194399786088	-2279.7721688528973
-1143.6407373085297	-2293.3258313304555
-1130.0870748309715	-2293.3258313304555
-1116.533412353413	-2293.3258313304555
-1102.9797498758546	-2279.7721688528973
-1089.4260873982964	-2279.7721688528973
-1075.872424920738	-2279.7721688528973
-1062.3187624431796	-2266.218506375339
-1048.7650999656212	-2266.218506375339
-1035.211437488063	-2266.218506375339
-1021.6577750105046	-2266.218506375339
-1008.1041125329463	-2252.6648438977804
-994.5504500553878	-2266.218506375339
-980.9967875778295	-2252.6648438977804
-967.4431251002712	-2252.6648438977804
-953.8894626227128	-2252.6648438977804
-940.3358001451545	-2239.1111814202222
-926.7821376675961	-2239.1111814202222
-913.2284751900378	-2239.1111814202222
-899.6748127124795	-2239.1111814202222
-886.1211502349211	-2225.557518942664
-872.5674877573628	-2225.557518942664
-859.0138252798043	-2225.557518942664
-845.460162802246	-2225.557518942664
-831.9065003246877	-2225.557518942664
-818.3528378471293	-2225.557518942664
-804.799175369571	-2225.557518942664
-791.2455128920126	-2225.557518942664
-777.6918504144543	-2212.0038564651054
-764.138187936896	-2212.0038564651054
-750.5845254593376	-2212.0038564651054
-737.0308629817793	-2212.0038564651054
-723.4772005042208	-2212.0038564651054
-709.9235380266625	-2212.0038564651054
-696.3698755491042	-2198.450193987547
-682.8162130715458	-2198.450193987547
-669.2625505939875	-2198.450193987547
-655.7088881164292	-2184.896531509989
-642.1552256388708	-2184.896531509989
-628.6015631613125	-2184.896531509989
-615.047900683754	-2184.896531509989
-601.4942382061957	-2184.896531509989
-587.9405757286374	-2171.3428690324304
-574.386913251079	-2171.3428690324304
-560.8332507735207	-2157.789206554872
-547.2795882959623	-2157.789206554872
-533.725925818404	-2157.789206554872
-520.1722633408457	-2157.789206554872
-506.61860086328727	-2157.789206554872
-493.06493838572896	-2144.235544077314
-479.5112759081706	-2144.235544077314
-465.95761343061224	-2130.6818815997553
-452.4039509530539	-2130.6818815997553
-438.8502884754956	-2117.128219122197
-425.2966259979372	-2117.128219122197
-411.74296352037885	-2117.128219122197
-398.1893010428205	-2117.128219122197
-384.6356385652621	-2117.128219122197
-371.0819760877038	-2103.5745566446385
-357.52831361014546	-2103.5745566446385
-343.9746511325871	-2103.5745566446385
-330.42098865502874	-2103.5745566446385
-316.86732617747043	-2103.5745566446385
-303.31366369991207	-2090.0208941670803
-289.7600012223537	-2090.0208941670803
-276.20633874479535	-2090.0208941670803
-262.652676267237	-2103.5745566446385
-249.09901378967865	-2090.0208941670803
-235.54535131212032	-2090.0208941670803
-221.99168883456196	-2076.467231689522
-208.43802635700362	-2076.467231689522
-194.88436387944526	-2062.9135692119635
-181.3307014018869	-2076.467231689522
-167.77703892432856	-2062.9135692119635
-154.2233764467702	-2062.9135692119635
-140.66971396921187	-2062.9135692119635
-127.11605149165351	-2062.9135692119635
-113.56238901409516	-2062.9135692119635
-100.00872653653681	-2062.9135692119635
-86.45506405897846	-2062.9135692119635
-72.90140158142012	-2049.3599067344053
-59.34773910386177	-2049.3599067344053
-45.794076626303415	-2049.3599067344053
-32.24041414874507	-2049.3599067344053
-18.68675167118672	-2049.3599067344053
-5.13308919362837	-2049.3599067344053
8.42057328392998	-2049.3599067344053
21.97423576148833	-2049.3599067344053
35.52789823904668	-2049.3599067344053
49.081560716605026	-2049.3599067344053
62.63522319416338	-2049.3599067344053
76.18888567172172	-2035.8062442568469
89.74254814928008	-2035.8062442568469
103.29621062683843	-2035.8062442568469
116.84987310439678	-2035.8062442568469
130.4035355819551	-2022.2525817792887
143.95719805951347	-2022.2525817792887
157.51086053707184	-2022.2525817792887
171.06452301463017	-2022.2525817792887
184.61818549218853	-2022.2525817792887
198.17184796974686	-2008.6989193017303
211.72551044730523	-2008.6989193017303
225.27917292486356	-2008.6989193017303
238.83283540242192	-2008.6989193017303
252.38649787998028	-1995.1452568241718
265.9401603575386	-1995.1452568241718
279.493822835097	-1981.5915943466136
293.04748531265534	-1981.5915943466136
306.60114779021364	-1995.1452568241718
320.154810267772	-1995.1452568241718
333.70847274533037	-1995.1452568241718
347.26213522288873	-1995.1452568241718
360.8157977004471	-2008.6989193017303
374.3694601780054	-2008.6989193017303
387.92312265556376	-2008.6989193017303
401.4767851331221	-2008.6989193017303
415.0304476106805	-2008.6989193017303
428.5841100882388	-2008.6989193017303
442.13777256579715	-2008.6989193017303
455.6914350433555	-2008.6989193017303
469.2450975209139	-2008.6989193017303
482.79875999847224	-2008.6989193017303
496.35242247603054	-2008.6989193017303
509.9060849535889	-1995.1452568241718
523.4597474311472	-1995.1452568241718
537.0134099087056	-1981.5915943466136
550.5670723862639	-1981.5915943466136
564.1207348638223	-1968.0379318690552
577.6743973413807	-1968.0379318690552
591.228059818939	-1968.0379318690552
604.7817222964974	-1954.4842693914968
618.3353847740557	-1954.4842693914968
631.8890472516141	-1954.4842693914968
645.4427097291724	-1954.4842693914968
658.9963722067307	-1940.9306069139386
672.5500346842891	-1940.9306069139386
686.1036971618474	-1927.3769444363802
699.6573596394059	-1927.3769444363802
713.2110221169642	-1940.9306069139386
726.7646845945225	-1927.3769444363802
740.3183470720809	-1927.3769444363802
753.8720095496392	-1913.8232819588218
767.4256720271975	-1913.8232819588218
780.9793345047559	-1913.8232819588218
794.5329969823142	-1900.2696194812636
808.0866594598726	-1900.2696194812636
821.6403219374309	-1900.2696194812636
835.1939844149892	-1900.2696194812636
848.7476468925477	-1886.7159570037052
862.301309370106	-1886.7159570037052
875.8549718476644	-1873.1622945261468
889.4086343252227	-1873.1622945261468
902.962296802781	-1873.1622945261468
916.5159592803394	-1859.6086320485883
930.0696217578977	-1859.6086320485883
943.6232842354561	-1859.6086320485883
957.1769467130144	-1846.0549695710301
970.7306091905727	-1846.0549695710301
984.2842716681312	-1846.0549695710301
997.8379341456895	-1832.5013070934717
1011.3915966232479	-1832.5013070934717
1024.9452591008062	-1818.9476446159133
1038.4989215783646	-1818.9476446159133
1052.0525840559228	-1818.9476446159133
1065.6062465334812	-1805.393982138355
1079.1599090110396	-1805.393982138355
1092.7135714885978	-1805.393982138355
1106.2672339661563	-1791.8403196607967
1119.8208964437147	-1778.2866571832383
1133.374558921273	-1778.2866571832383
1146.9282213988313	-1778.2866571832383
1160.4818838763897	-1764.73299470568
1174.0355463539481	-1764.73299470568
1187.5892088315063	-1764.73299470568
1201.1428713090647	-1751.1793322281217
1214.6965337866231	-1751.1793322281217
1228.2501962641813	-1737.6256697505632
1241.8038587417398	-1737.6256697505632
1255.3575212192982	-1737.6256697505632
1268.9111836968564	-1724.072007273005
1282.4648461744148	-1724.072007273005
1296.0185086519732	-1710.5183447954466
1309.5721711295316	-1710.5183447954466
1323.1258336070898	-1696.9646823178882
1336.6794960846482	-1696.9646823178882
1350.2331585622067	-1696.9646823178882
1363.7868210397648	-1683.4110198403298
1377.3404835173233	-1683.4110198403298
1390.8941459948817	-1669.8573573627716
1404.4478084724399	-1669.8573573627716
1418.0014709499983	-1656.3036948852132
1431.5551334275567	-1656.3036948852132
1445.1087959051151	-1642.7500324076548
1458.6624583826733	-1642.7500324076548
1472.2161208602317	-1629.1963699300966
1485.7697833377902	-1629.1963699300966
1499.3234458153484	-1615.6427074525382
1512.8771082929068	-1615.6427074525382
1526.4307707704652	-1615.6427074525382
1539.9844332480234	-1602.0890449749797
1553.5380957255818	-1588.5353824974216
1567.0917582031402	-1588.5353824974216
1580.6454206806984	-1574.9817200198631
1594.1990831582568	-1574.9817200198631
1607.7527456358152	-1574.9817200198631
1621.3064081133737	-1561.4280575423047
1634.8600705909319	-1561.4280575423047
1648.4137330684903	-1547.8743950647463
1661.9673955460487	-1547.8743950647463
1675.5210580236069	-1547.8743950647463
1689.0747205011653	-1534.320732587188
1702.6283829787237	-1520.7670701096297
1716.182045456282	-1520.7670701096297
1729.7357079338403	-1520.7670701096297
1743.2893704113987	-1520.7670701096297
1756.843032888957	-1507.2134076320713
1770.3966953665154	-1507.2134076320713
1783.9503578440738	-1507.2134076320713
1797.5040203216322	-1493.659745154513
1811.0576827991904	-1493.659745154513
1824.6113452767488	-1493.659745154513
1838.1650077543072	-1480.1060826769547
1851.7186702318654	-1480.1060826769547
1865.2723327094238	-1480.1060826769547
1878.8259951869823	-1466.5524201993962
1892.3796576645404	-1466.5524201993962
1905.9333201420989	-1466.5524201993962
1919.4869826196573	-1452.998757721838
1933.0406450972157	-1452.998757721838
1946.594307574774	-1452.998757721838
1960.1479700523323	-1452.998757721838
1973.7016325298907	-1439.4450952442796
1987.255295007449	-1425.8914327667212
2000.8089574850073	-1425.8914327667212
2014.3626199625658	-1412.337770289163
2027.916282440124	-1412.337770289163
2041.4699449176824	-1412.337770289163
2055.0236073952406	-1398.7841078116046
2068.577269872799	-1398.7841078116046
2082.1309323503574	-1385.2304453340462
2095.6845948279156	-1385.2304453340462
2109.2382573054742	-1371.6767828564878
2122.7919197830324	-1358.1231203789296
2136.3455822605906	-1344.5694579013712
2149.8992447381493	-1344.5694579013712
2163.4529072157075	-1331.0157954238127
2177.006569693266	-1331.0157954238127
2190.5602321708243	-1317.4621329462545
2204.1138946483825	-1303.9084704686961
2217.667557125941	-1303.9084704686961
2231.2212196034993	-1303.9084704686961
2244.7748820810575	-1290.3548079911377
2258.328544558616	-1276.8011455135795
2271.8822070361743	-1263.247483036021
2285.4358695137325	-1249.6938205584627
2298.989531991291	-1236.1401580809043
2312.5431944688494	-1222.586495603346
2326.0968569464076	-1222.586495603346
2339.650519423966	-1209.0328331257876
2353.2041819015244	-1195.4791706482292
2366.7578443790826	-1181.925508170671
2380.3115068566412	-1168.3718456931126
2380.3115068566412	-1154.8181832155542
2393.8651693341994	-1141.264520737996
2407.4188318117576	-1127.7108582604376
2420.9724942893163	-1114.1571957828792
2434.5261567668745	-1100.603533305321
2448.0798192444327	-1087.0498708277626
2461.6334817219913	-1087.0498708277626
2475.1871441995495	-1073.4962083502041
2488.740806677108	-1059.9425458726457
2502.2944691546663	-1046.3888833950875
2515.8481316322245	-1032.835220917529
2529.401794109783	-1019.2815584399708
2542.9554565873414	-1005.7278959624124
2556.5091190648996	-992.1742334848541
2570.062781542458	-978.6205710072958
2583.6164440200164	-978.6205710072958
2597.1701064975746	-978.6205710072958
2597.1701064975746	-965.0669085297374
2610.723768975133	-951.513246052179
2610.723768975133	-937.9595835746206
2624.2774314526914	-924.4059210970623
2624.2774314526914	-910.852258619504
2637.8310939302496	-897.2985961419456
2651.3847564078083	-883.7449336643873
2664.9384188853664	-870.1912711868289
2664.9384188853664	-856.6376087092706
2678.4920813629246	-843.0839462317123
2678.4920813629246	-829.5302837541539
2692.0457438404833	-815.9766212765956
2692.0457438404833	-802.4229587990371
2705.5994063180415	-788.8692963214788
2705.5994063180415	-775.3156338439205
2705.5994063180415	-761.7619713663621
2719.1530687955997	-748.2083088888038
2719.1530687955997	-734.6546464112454
2719.1530687955997	-721.1009839336871
2732.7067312731583	-707.5473214561288
2732.7067312731583	-693.9936589785704
2746.2603937507165	-680.439996501012
2746.2603937507165	-666.8863340234537
2759.8140562282747	-653.3326715458953
2759.8140562282747	-639.779009068337
2759.8140562282747	-626.2253465907786
2773.3677187058333	-612.6716841132203
2773.3677187058333	-599.118021635662
2786.9213811833915	-585.5643591581036
2786.9213811833915	-572.0106966805453
2786.9213811833915	-558.4570342029868
2800.47504366095	-544.9033717254285
2800.47504366095	-531.3497092478702
2800.47504366095	-517.7960467703118
2800.47504366095	-504.2423842927535
2800.47504366095	-490.68872181519515
2800.47504366095	-477.1350593376368
2814.0287061385084	-463.5813968600784
2814.0287061385084	-450.0277343825201
2814.0287061385084	-436.47407190496176
2827.5823686160666	-422.9204094274034
2827.5823686160666	-409.36674694984504
2827.5823686160666	-395.8130844722867
2841.136031093625	-382.25942199472837
2841.136031093625	-368.70575951717
2841.136031093625	-355.15209703961165
2841.136031093625	-341.5984345620533
2841.136031093625	-328.044772084495
2854.6896935711834	-314.4911096069366
2854.6896935711834	-300.93744712937826
2854.6896935711834	-287.3837846518199
2868.2433560487416	-273.83012217426153
2868.2433560487416	-260.2764596967032
2868.2433560487416	-246.72279721914487
2868.2433560487416	-233.1691347415865
2868.2433560487416	-219.61547226402817
2868.2433560487416	-206.0618097864698
2881.7970185263002	-192.50814730891145
2895.3506810038584	-178.9544848313531
2895.3506810038584	-165.40082235379475
2908.9043434814166	-151.84715987623642
2922.4580059589753	-138.29349739867806
2922.4580059589753	-124.73983492111971
2936.0116684365335	-111.18617244356136
2936.0116684365335	-97.63250996600301
2936.0116684365335	-84.07884748844467
2949.5653309140916	-70.52518501088632
2949.5653309140916	-56.97152253332796
2949.5653309140916	-43.417860055769616
2949.5653309140916	-29.864197578211268
2963.1189933916503	-16.310535100652917
2963.1189933916503	-2.7568726230945693
2963.1189933916503	10.79678985446378
2963.1189933916503	24.35045233202213
2976.6726558692085	37.90411480958048
2976.6726558692085	51.45777728713883
2990.2263183467667	65.01143976469717
2990.2263183467667	78.56510224225553
3003.7799808243253	92.11876471981388
3003.7799808243253	105.67242719737223
3003.7799808243253	119.22608967493058
3003.7799808243253	132.77975215248892
3003.7799808243253	146.3334146300473
3017.3336433018835	159.88707710760562
3017.3336433018835	173.44073958516398
3017.3336433018835	186.99440206272232
3017.3336433018835	200.54806454028068
3017.3336433018835	214.101727017839
3030.8873057794417	227.65538949539737
3030.8873057794417	241.20905197295573
3030.8873057794417	254.76271445051407
3030.8873057794417	268.31637692807243
3030.8873057794417	281.8700394056308
3044.4409682570003	295.4237018831891
3044.4409682570003	308.97736436074746
3044.4409682570003	322.5310268383058
3044.4409682570003	336.0846893158642
3044.4409682570003	349.63835179342254
3044.4409682570003	363.19201427098085
3057.9946307345585	376.7456767485392
3057.9946307345585	390.2993392260976
3057.9946307345585	403.85300170365593
3057.9946307345585	417.40666418121424
3057.9946307345585	430.9603266587726
3057.9946307345585	444.51398913633096
3057.9946307345585	458.0676516138893
3057.9946307345585	471.6213140914477
3057.9946307345585	485.174976569006
3057.9946307345585	498.72863904656435
3057.9946307345585	512.2823015241227
3071.5482932121167	525.8359640016811
3071.5482932121167	539.3896264792394
3071.5482932121167	552.9432889567978
3071.5482932121167	566.4969514343561
3071.5482932121167	580.0506139119144
3071.5482932121167	593.6042763894728
3071.5482932121167	607.1579388670311
3071.5482932121167	620.7116013445896
3071.5482932121167	634.2652638221479
3057.9946307345585	647.8189262997062
3071.5482932121167	661.3725887772646
3057.9946307345585	674.9262512548229
3057.9946307345585	688.4799137323813
3057.9946307345585	702.0335762099396
3044.4409682570003	715.5872386874979
3044.4409682570003	729.1409011650563
3044.4409682570003	742.6945636426146
3030.8873057794417	756.248226120173
3030.8873057794417	769.8018885977314
3030.8873057794417	783.3555510752897
3030.8873057794417	796.9092135528481
3017.3336433018835	810.4628760304064
3003.7799808243253	824.0165385079647
2990.2263183467667	837.5702009855231
2990.2263183467667	851.1238634630814
2976.6726558692085	864.6775259406398
2976.6726558692085	878.2311884181981
2963.1189933916503	891.7848508957564
2949.5653309140916	905.3385133733149
2936.0116684365335	905.3385133733149
2922.4580059589753	918.8921758508732
2922.4580059589753	932.4458383284316
2922.4580059589753	945.9995008059899
2908.9043434814166	959.5531632835482
2895.3506810038584	959.5531632835482
2881.7970185263002	973.1068257611066
2868.2433560487416	986.6604882386649
2854.6896935711834	1000.2141507162233
2841.136031093625	1013.7678131937816
2827.5823686160666	1013.7678131937816
2814.0287061385084	1027.32147567134
2814.0287061385084	1040.8751381488983
2800.47504366095	1054.4288006264567
2786.9213811833915	1054.4288006264567
2773.3677187058333	1067.982463104015
2759.8140562282747	1081.5361255815733
2759.8140562282747	1095.0897880591317
2746.2603937507165	1108.6434505366901
2746.2603937507165	1122.1971130142485
2732.7067312731583	1108.6434505366901
2719.1530687955997	1108.6434505366901
2705.5994063180415	1122.1971130142485
2692.0457438404833	1122.1971130142485
2678.4920813629246	1122.1971130142485
2664.9384188853664	1135.7507754918067
2651.3847564078083	1149.3044379693652
2637.8310939302496	1162.8581004469236
2624.2774314526914	1176.4117629244818
2610.723768975133	1189.9654254020402
2610.723768975133	1203.5190878795986
2597.1701064975746	1217.0727503571568
2597.1701064975746	1230.6264128347152
2583.6164440200164	1230.6264128347152
2570.062781542458	1244.1800753122736
2556.5091190648996	1257.7337377898318
2542.9554565873414	1271.2874002673902
2542.9554565873414	1284.8410627449487
2529.401794109783	1298.394725222507
2515.8481316322245	1311.9483877000653
2502.2944691546663	1311.9483877000653
2488.740806677108	1325.5020501776237
2475.1871441995495	1339.055712655182
2461.6334817219913	1352.6093751327403
2448.0798192444327	1366.1630376102987
2434.5261567668745	1379.7167000878571
2420.9724942893163	1379.7167000878571
2407.4188318117576	1393.2703625654153
2393.8651693341994	1406.8240250429737
2380.3115068566412	1420.3776875205322
2366.7578443790826	1420.3776875205322
2353.2041819015244	1420.3776875205322
2339.650519423966	1433.9313499980906
2353.2041819015244	1447.4850124756488
2339.650519423966	1461.0386749532072
2339.650519423966	1474.5923374307656
2326.0968569464076	1474.5923374307656
2312.5431944688494	1488.1459999083238
2298.989531991291	1501.6996623858822
2298.989531991291	1515.2533248634406
2285.4358695137325	1528.8069873409988
2285.4358695137325	1542.3606498185572
2271.8822070361743	1542.3606498185572
2258.328544558616	1555.9143122961157
2258.328544558616	1569.4679747736739
2244.7748820810575	1569.4679747736739
2231.2212196034993	1583.0216372512323
2231.2212196034993	1596.5752997287907
2217.667557125941	1610.1289622063491
2217.667557125941	1623.6826246839073
2204.1138946483825	1637.2362871614657
2204.1138946483825	1650.7899496390241
2204.1138946483825	1664.3436121165823
2190.5602321708243	1677.8972745941408
2177.006569693266	1691.4509370716992
2163.4529072157075	1691.4509370716992
2149.8992447381493	1705.0045995492574
2149.8992447381493	1718.5582620268158
2136.3455822605906	1732.1119245043742
2122.7919197830324	1745.6655869819324
2109.2382573054742	1759.2192494594908
2095.6845948279156	1772.7729119370492
2082.1309323503574	1786.3265744146076
2068.577269872799	1799.8802368921658
2055.0236073952406	1799.8802368921658
2041.4699449176824	1813.4338993697243
2041.4699449176824	1826.9875618472827
2027.916282440124	1840.5412243248409
2014.3626199625658	1854.0948868023993
2000.8089574850073	1867.6485492799577
2000.8089574850073	1881.202211757516
1987.255295007449	1867.6485492799577
1973.7016325298907	1867.6485492799577
1960.1479700523323	1881.202211757516
1946.594307574774	1881.202211757516
1933.0406450972157	1894.7558742350743
1919.4869826196573	1894.7558742350743
1905.9333201420989	1894.7558742350743
1892.3796576645404	1908.3095367126327
1878.8259951869823	1921.8631991901912
1865.2723327094238	1921.8631991901912
1851.7186702318654	1935.4168616677493
1838.1650077543072	1935.4168616677493
1824.6113452767488	1948.9705241453078
1811.0576827991904	1948.9705241453078
1797.5040203216322	1948.9705241453078
1783.9503578440738	1948.9705241453078
1770.3966953665154	1948.9705241453078
1756.843032888957	1962.5241866228662
1743.2893704113987	1962.5241866228662
1729.7357079338403	1976.0778491004244
1716.182045456282	1976.0778491004244
1702.6283829787237	1976.0778491004244
1689.0747205011653	1976.0778491004244
1675.5210580236069	1989.6315115779828
1661.9673955460487	1989.6315115779828
1648.4137330684903	1989.6315115779828
1634.8600705909319	1989.6315115779828
1621.3064081133737	1989.6315115779828
1607.7527456358152	1989.6315115779828
1594.1990831582568	2003.1851740555412
1580.6454206806984	2003.1851740555412
1567.0917582031402	2003.1851740555412
1553.5380957255818	2003.1851740555412
1539.9844332480234	2016.7388365330994
1526.4307707704652	2016.7388365330994
1512.8771082929068	2016.7388365330994
1499.3234458153484	2030.2924990106578
1485.7697833377902	2030.2924990106578
1472.2161208602317	2030.2924990106578
1458.6624583826733	2030.2924990106578
1445.1087959051151	2030.2924990106578
1431.5551334275567	2030.2924990106578
1418.0014709499983	2030.2924990106578
1404.4478084724399	2030.2924990106578
1390.8941459948817	2030.2924990106578
1377.3404835173233	2043.8461614882162
1363.7868210397648	2043.8461614882162
1350.2331585622067	2043.8461614882162
1336.6794960846482	2043.8461614882162
1323.1258336070898	2057.3998239657744
1309.5721711295316	2057.3998239657744
1296.0185086519732	2057.3998239657744
1282.4648461744148	2057.3998239657744
1268.9111836968564	2057.3998239657744
1255.3575212192982	2070.953486443333
1241.8038587417398	2070.953486443333
1228.2501962641813	2070.953486443333
1214.6965337866231	2070.953486443333
1201.1428713090647	2070.953486443333
1187.5892088315063	2070.953486443333
1174.0355463539481	2070.953486443333
1160.4818838763897	2070.953486443333
1146.9282213988313	2084.5071489208913
1133.374558921273	2070.953486443333
1119.8208964437147	2070.953486443333
1106.2672339661563	2084.5071489208913
1092.7135714885978	2084.5071489208913
1079.1599090110396	2084.5071489208913
1065.6062465334812	2070.953486443333
1052.0525840559228	2070.953486443333
1038.4989215783646	2070.953486443333
1024.9452591008062	2070.953486443333
1011.3915966232479	2070.953486443333
997.8379341456895	2070.953486443333
984.2842716681312	2070.953486443333
970.7306091905727	2070.953486443333
957.1769467130144	2070.953486443333
943.6232842354561	2057.3998239657744
930.0696217578977	2057.3998239657744
916.5159592803394	2057.3998239657744
902.962296802781	2057.3998239657744
889.4086343252227	2057.3998239657744
875.8549718476644	2043.8461614882162
862.301309370106	2043.8461614882162
848.7476468925477	2043.8461614882162
835.1939844149892	2043.8461614882162
821.6403219374309	2043.8461614882162
808.0866594598726	2043.8461614882162
794.5329969823142	2043.8461614882162
780.9793345047559	2043.8461614882162
767.4256720271975	2030.2924990106578
753.8720095496392	2030.2924990106578
740.3183470720809	2030.2924990106578
726.7646845945225	2030.2924990106578
713.2110221169642	2016.7388365330994
699.6573596394059	2016.7388365330994
686.1036971618474	2003.1851740555412
672.5500346842891	2003.1851740555412
658.9963722067307	2003.1851740555412
645.4427097291724	1989.6315115779828
631.8890472516141	1989.6315115779828
618.3353847740557	1989.6315115779828
604.7817222964974	1989.6315115779828
591.228059818939	1989.6315115779828
577.6743973413807	1989.6315115779828
564.1207348638223	1989.6315115779828
550.5670723862639	1989.6315115779828
537.0134099087056	1989.6315115779828
523.4597474311472	1976.0778491004244
509.9060849535889	1976.0778491004244
496.35242247603054	1976.0778491004244
482.79875999847224	1962.5241866228662
469.2450975209139	1962.5241866228662
455.6914350433555	1948.9705241453078
442.13777256579715	1948.9705241453078
428.5841100882388	1948.9705241453078
415.0304476106805	1948.9705241453078
401.4767851331221	1935.4168616677493
387.92312265556376	1935.4168616677493
374.3694601780054	1935.4168616677493
