# particle morphology
# using file: err/49-05X-H-bearb.png
#
#x/µm	y/µm
-11.800517379250197	1757.8281567819683
-21.051738205102982	1757.8281567819683
-30.302959030955765	1757.8281567819683
-39.554179856808545	1757.8281567819683
-48.80540068266133	1757.8281567819683
-58.05662150851411	1757.8281567819683
-67.3078423343669	1757.8281567819683
-76.55906316021968	1757.8281567819683
-85.81028398607246	1757.8281567819683
-95.06150481192525	1757.8281567819683
-104.31272563777803	1757.8281567819683
-113.56394646363081	1757.8281567819683
-122.8151672894836	1767.0793776078212
-132.0663881153364	1767.0793776078212
-141.31760894118918	1767.0793776078212
-150.56882976704196	1767.0793776078212
-159.82005059289475	1757.8281567819683
-169.07127141874753	1757.8281567819683
-178.3224922446003	1757.8281567819683
-187.5737130704531	1757.8281567819683
-196.82493389630588	1748.5769359561157
-206.07615472215866	1748.5769359561157
-215.32737554801145	1739.3257151302628
-224.57859637386423	1739.3257151302628
-233.829817199717	1730.07449430441
-243.0810380255698	1730.07449430441
-252.33225885142258	1720.8232734785572
-261.58347967727536	1720.8232734785572
-270.83470050312815	1720.8232734785572
-280.08592132898093	1720.8232734785572
-289.3371421548337	1720.8232734785572
-298.5883629806865	1720.8232734785572
-307.8395838065393	1720.8232734785572
-317.09080463239206	1720.8232734785572
-326.34202545824485	1720.8232734785572
-335.59324628409763	1720.8232734785572
-344.8444671099504	1711.5720526527045
-354.0956879358032	1711.5720526527045
-363.346908761656	1711.5720526527045
-372.59812958750877	1711.5720526527045
-381.84935041336155	1711.5720526527045
-391.10057123921433	1711.5720526527045
-400.3517920650671	1711.5720526527045
-409.6030128909199	1711.5720526527045
-418.8542337167727	1711.5720526527045
-428.10545454262547	1711.5720526527045
-437.35667536847825	1702.3208318268516
-446.60789619433103	1702.3208318268516
-455.8591170201838	1702.3208318268516
-465.1103378460366	1702.3208318268516
-474.3615586718894	1702.3208318268516
-483.61277949774217	1693.069611000999
-492.86400032359495	1693.069611000999
-502.11522114944773	1693.069611000999
-511.3664419753005	1683.818390175146
-520.6176628011533	1683.818390175146
-529.8688836270061	1674.5671693492934
-539.1201044528589	1674.5671693492934
-548.3713252787117	1674.5671693492934
-557.6225461045644	1674.5671693492934
-566.8737669304172	1674.5671693492934
-576.12498775627	1665.3159485234405
-585.3762085821228	1665.3159485234405
-594.6274294079756	1665.3159485234405
-603.8786502338284	1656.0647276975878
-613.1298710596811	1656.0647276975878
-622.3810918855339	1646.813506871735
-631.6323127113867	1646.813506871735
-640.8835335372395	1637.5622860458823
-650.1347543630923	1637.5622860458823
-659.385975188945	1628.3110652200294
-668.6371960147978	1619.0598443941767
-677.8884168406506	1619.0598443941767
-687.1396376665034	1619.0598443941767
-696.3908584923562	1609.8086235683238
-705.642079318209	1609.8086235683238
-714.8933001440618	1609.8086235683238
-724.1445209699145	1600.5574027424711
-733.3957417957673	1600.5574027424711
-742.6469626216201	1600.5574027424711
-751.8981834474729	1591.3061819166182
-761.1494042733257	1591.3061819166182
-770.4006250991785	1582.0549610907656
-779.6518459250312	1572.8037402649127
-788.903066750884	1572.8037402649127
-788.903066750884	1563.55251943906
-798.1542875767368	1554.301298613207
-807.4055084025896	1545.0500777873544
-816.6567292284424	1535.7988569615015
-825.9079500542952	1526.5476361356489
-825.9079500542952	1517.296415309796
-835.1591708801479	1508.0451944839433
-844.4103917060007	1498.7939736580904
-844.4103917060007	1489.5427528322377
-853.6616125318535	1480.2915320063848
-853.6616125318535	1471.0403111805322
-862.9128333577063	1461.7890903546793
-872.1640541835591	1452.5378695288266
-872.1640541835591	1443.2866487029737
-881.4152750094119	1434.035427877121
-881.4152750094119	1424.7842070512681
-890.6664958352646	1415.5329862254155
-899.9177166611174	1406.2817653995626
-909.1689374869702	1397.03054457371
-918.420158312823	1397.03054457371
-927.6713791386758	1387.779323747857
-936.9225999645286	1387.779323747857
-946.1738207903813	1378.5281029220043
-955.4250416162341	1369.2768820961514
-955.4250416162341	1360.0256612702988
-964.6762624420869	1350.7744404444459
-973.9274832679397	1341.5232196185932
-983.1787040937925	1332.2719987927403
-992.4299249196453	1323.0207779668876
-1001.681145745498	1323.0207779668876
-1010.9323665713508	1313.7695571410347
-1020.1835873972036	1313.7695571410347
-1029.4348082230563	1304.518336315182
-1038.6860290489092	1304.518336315182
-1047.9372498747618	1304.518336315182
-1057.1884707006147	1304.518336315182
-1066.4396915264674	1295.2671154893292
-1075.6909123523203	1295.2671154893292
-1084.942133178173	1295.2671154893292
-1094.1933540040259	1295.2671154893292
-1103.4445748298785	1295.2671154893292
-1112.6957956557314	1286.0158946634765
-1121.9470164815841	1286.0158946634765
-1131.198237307437	1276.7646738376236
-1140.4494581332897	1267.513453011771
-1149.7006789591426	1267.513453011771
-1158.9518997849952	1258.262232185918
-1168.2031206108481	1249.0110113600654
-1177.4543414367008	1239.7597905342125
-1186.7055622625537	1230.5085697083598
-1195.9567830884064	1221.257348882507
-1205.2080039142593	1212.0061280566542
-1214.459224740112	1202.7549072308013
-1223.7104455659648	1193.5036864049487
-1232.9616663918175	1184.2524655790958
-1232.9616663918175	1175.001244753243
-1242.2128872176704	1165.7500239273902
-1251.464108043523	1156.4988031015375
-1251.464108043523	1147.2475822756846
-1260.715328869376	1137.996361449832
-1260.715328869376	1128.745140623979
-1260.715328869376	1119.4939197981264
-1269.9665496952287	1110.2426989722735
-1269.9665496952287	1100.9914781464208
-1279.2177705210815	1091.740257320568
-1288.4689913469342	1082.4890364947153
-1297.7202121727871	1073.2378156688624
-1306.9714329986398	1063.9865948430097
-1306.9714329986398	1054.7353740171568
-1316.2226538244927	1045.4841531913041
-1325.4738746503454	1036.2329323654512
-1325.4738746503454	1026.9817115395986
-1334.7250954761982	1017.7304907137457
-1343.976316302051	1008.4792698878929
-1353.2275371279038	999.2280490620401
-1362.4787579537565	999.2280490620401
-1371.7299787796094	989.9768282361873
-1380.981199605462	980.7256074103345
-1390.232420431315	980.7256074103345
-1399.4836412571676	971.4743865844817
-1408.7348620830205	962.223165758629
-1417.9860829088732	952.9719449327762
-1427.237303734726	943.7207241069234
-1436.4885245605788	934.4695032810706
-1445.7397453864317	925.2182824552178
-1454.9909662122843	915.967061629365
-1454.9909662122843	906.7158408035123
-1464.2421870381372	897.4646199776595
-1473.49340786399	888.2133991518067
-1482.7446286898428	878.9621783259539
-1491.9958495156955	869.7109575001011
-1491.9958495156955	860.4597366742483
-1491.9958495156955	851.2085158483956
-1501.2470703415484	841.9572950225428
-1501.2470703415484	832.70607419669
-1510.498291167401	823.4548533708372
-1519.749511993254	814.2036325449844
-1529.0007328191066	804.9524117191316
-1538.2519536449595	795.7011908932789
-1547.5031744708122	786.4499700674261
-1556.754395296665	777.1987492415733
-1566.0056161225177	767.9475284157205
-1575.2568369483706	767.9475284157205
-1584.5080577742233	758.6963075898677
-1593.7592786000762	758.6963075898677
-1603.0104994259289	749.445086764015
-1612.2617202517818	740.1938659381622
-1621.5129410776344	730.9426451123094
-1621.5129410776344	721.6914242864566
-1630.7641619034873	712.4402034606038
-1640.01538272934	703.188982634751
-1640.01538272934	693.9377618088982
-1649.266603555193	684.6865409830455
-1658.5178243810456	675.4353201571927
-1667.7690452068985	666.1840993313399
-1677.0202660327511	656.9328785054871
-1686.271486858604	647.6816576796343
-1695.5227076844567	638.4304368537815
-1695.5227076844567	629.1792160279288
-1704.7739285103096	619.927995202076
-1704.7739285103096	610.6767743762232
-1714.0251493361623	601.4255535503704
-1714.0251493361623	592.1743327245176
-1723.2763701620152	582.9231118986648
-1723.2763701620152	573.6718910728121
-1723.2763701620152	564.4206702469593
-1732.5275909878678	555.1694494211065
-1732.5275909878678	545.9182285952537
-1741.7788118137207	536.6670077694009
-1751.0300326395734	527.4157869435481
-1751.0300326395734	518.1645661176954
-1760.2812534654263	508.9133452918426
-1769.532474291279	499.6621244659898
-1769.532474291279	490.410903640137
-1778.7836951171319	481.1596828142842
-1778.7836951171319	471.90846198843144
-1778.7836951171319	462.65724116257866
-1788.0349159429845	453.4060203367259
-1788.0349159429845	444.1547995108731
-1788.0349159429845	434.9035786850203
-1788.0349159429845	425.6523578591675
-1788.0349159429845	416.40113703331474
-1788.0349159429845	407.14991620746196
-1788.0349159429845	397.8986953816092
-1788.0349159429845	388.6474745557564
-1788.0349159429845	379.3962537299036
-1788.0349159429845	370.1450329040508
-1797.2861367688374	360.89381207819804
-1797.2861367688374	351.64259125234526
-1806.53735759469	342.3913704264925
-1806.53735759469	333.1401496006397
-1815.788578420543	323.8889287747869
-1815.788578420543	314.6377079489341
-1825.0397992463957	305.38648712308134
-1825.0397992463957	296.13526629722855
-1825.0397992463957	286.88404547137577
-1834.2910200722486	277.632824645523
-1843.5422408981012	268.3816038196702
-1852.7934617239541	259.1303829938174
-1862.0446825498068	249.87916216796464
-1871.2959033756597	240.62794134211185
-1880.5471242015124	231.37672051625907
-1889.7983450273653	222.1254996904063
-1899.049565853218	212.8742788645535
-1908.3007866790708	203.62305803870072
-1908.3007866790708	194.37183721284794
-1917.5520075049235	185.12061638699515
-1917.5520075049235	175.86939556114237
-1917.5520075049235	166.61817473528959
-1926.8032283307764	157.3669539094368
-1926.8032283307764	148.11573308358402
-1926.8032283307764	138.86451225773123
-1926.8032283307764	129.61329143187845
-1936.054449156629	120.36207060602567
-1936.054449156629	111.11084978017288
-1936.054449156629	101.8596289543201
-1945.305669982482	92.60840812846732
-1945.305669982482	83.35718730261453
-1945.305669982482	74.10596647676175
-1945.305669982482	64.85474565090897
-1954.5568908083346	55.60352482505618
-1954.5568908083346	46.3523039992034
-1954.5568908083346	37.10108317335062
-1963.8081116341875	27.849862347497837
-1973.0593324600402	18.598641521645053
-1973.0593324600402	9.34742069579227
-1982.310553285893	0.09619986993948534
-1991.5617741117458	-9.155020955913297
-1991.5617741117458	-18.40624178176608
-2000.8129949375987	-27.657462607618864
-2000.8129949375987	-36.90868343347165
-2000.8129949375987	-46.159904259324435
-2010.0642157634513	-55.41112508517722
-2010.0642157634513	-64.66234591103
-2010.0642157634513	-73.91356673688279
-2019.3154365893042	-83.16478756273557
-2019.3154365893042	-92.41600838858835
-2019.3154365893042	-101.66722921444114
-2028.566657415157	-110.91845004029392
-2028.566657415157	-120.1696708661467
-2028.566657415157	-129.4208916919995
-2028.566657415157	-138.67211251785227
-2028.566657415157	-147.92333334370505
-2037.8178782410098	-157.17455416955784
-2028.566657415157	-166.42577499541062
-2028.566657415157	-175.6769958212634
-2028.566657415157	-184.9282166471162
-2019.3154365893042	-194.17943747296897
-2010.0642157634513	-203.43065829882175
-2000.8129949375987	-212.68187912467454
-1991.5617741117458	-221.93309995052732
-1991.5617741117458	-231.1843207763801
-1982.310553285893	-240.4355416022329
-1982.310553285893	-249.68676242808567
-1973.0593324600402	-258.93798325393846
-1973.0593324600402	-268.18920407979124
-1973.0593324600402	-277.440424905644
-1963.8081116341875	-286.6916457314968
-1963.8081116341875	-295.9428665573496
-1963.8081116341875	-305.1940873832024
-1963.8081116341875	-314.44530820905516
-1963.8081116341875	-323.69652903490794
-1954.5568908083346	-332.9477498607607
-1954.5568908083346	-342.1989706866135
-1945.305669982482	-351.4501915124663
-1945.305669982482	-360.7014123383191
-1936.054449156629	-369.95263316417186
-1936.054449156629	-379.20385399002464
-1936.054449156629	-388.4550748158774
-1936.054449156629	-397.7062956417302
-1936.054449156629	-406.957516467583
-1936.054449156629	-416.2087372934358
-1936.054449156629	-425.45995811928856
-1936.054449156629	-434.71117894514134
-1936.054449156629	-443.9623997709941
-1936.054449156629	-453.2136205968469
-1936.054449156629	-462.4648414226997
-1936.054449156629	-471.7160622485525
-1936.054449156629	-480.96728307440526
-1936.054449156629	-490.21850390025804
-1926.8032283307764	-499.4697247261108
-1926.8032283307764	-508.7209455519636
-1926.8032283307764	-517.9721663778164
-1926.8032283307764	-527.2233872036692
-1926.8032283307764	-536.474608029522
-1926.8032283307764	-545.7258288553747
-1926.8032283307764	-554.9770496812275
-1926.8032283307764	-564.2282705070803
-1926.8032283307764	-573.4794913329331
-1926.8032283307764	-582.7307121587859
-1926.8032283307764	-591.9819329846387
-1926.8032283307764	-601.2331538104914
-1926.8032283307764	-610.4843746363442
-1926.8032283307764	-619.735595462197
-1926.8032283307764	-628.9868162880498
-1917.5520075049235	-638.2380371139026
-1917.5520075049235	-647.4892579397554
-1917.5520075049235	-656.7404787656081
-1908.3007866790708	-665.9916995914609
-1908.3007866790708	-675.2429204173137
-1899.049565853218	-684.4941412431665
-1899.049565853218	-693.7453620690193
-1889.7983450273653	-702.9965828948721
-1889.7983450273653	-712.2478037207248
-1880.5471242015124	-721.4990245465776
-1880.5471242015124	-730.7502453724304
-1880.5471242015124	-740.0014661982832
-1880.5471242015124	-749.252687024136
-1880.5471242015124	-758.5039078499888
-1880.5471242015124	-767.7551286758415
-1871.2959033756597	-777.0063495016943
-1871.2959033756597	-786.2575703275471
-1871.2959033756597	-795.5087911533999
-1862.0446825498068	-804.7600119792527
-1862.0446825498068	-814.0112328051055
-1852.7934617239541	-823.2624536309582
-1852.7934617239541	-832.513674456811
-1843.5422408981012	-841.7648952826638
-1843.5422408981012	-851.0161161085166
-1834.2910200722486	-860.2673369343694
-1825.0397992463957	-869.5185577602222
-1825.0397992463957	-878.769778586075
-1815.788578420543	-888.0209994119277
-1815.788578420543	-897.2722202377805
-1806.53735759469	-906.5234410636333
-1806.53735759469	-915.7746618894861
-1797.2861367688374	-925.0258827153389
-1788.0349159429845	-934.2771035411917
-1788.0349159429845	-943.5283243670444
-1788.0349159429845	-952.7795451928972
-1778.7836951171319	-962.03076601875
-1769.532474291279	-971.2819868446028
-1769.532474291279	-980.5332076704556
-1769.532474291279	-989.7844284963084
-1760.2812534654263	-999.0356493221611
-1760.2812534654263	-1008.2868701480139
-1760.2812534654263	-1017.5380909738667
-1751.0300326395734	-1026.7893117997194
-1751.0300326395734	-1036.0405326255723
-1751.0300326395734	-1045.291753451425
-1751.0300326395734	-1054.5429742772778
-1751.0300326395734	-1063.7941951031305
-1760.2812534654263	-1073.0454159289834
-1760.2812534654263	-1082.296636754836
-1760.2812534654263	-1091.547857580689
-1760.2812534654263	-1100.7990784065416
-1751.0300326395734	-1110.0502992323945
-1741.7788118137207	-1119.3015200582472
-1732.5275909878678	-1128.5527408841
-1723.2763701620152	-1119.3015200582472
-1714.0251493361623	-1119.3015200582472
-1704.7739285103096	-1110.0502992323945
-1695.5227076844567	-1100.7990784065416
-1686.271486858604	-1100.7990784065416
-1677.0202660327511	-1110.0502992323945
-1667.7690452068985	-1110.0502992323945
-1658.5178243810456	-1110.0502992323945
-1649.266603555193	-1119.3015200582472
-1640.01538272934	-1119.3015200582472
-1630.7641619034873	-1119.3015200582472
-1621.5129410776344	-1128.5527408841
-1612.2617202517818	-1128.5527408841
-1603.0104994259289	-1128.5527408841
-1593.7592786000762	-1137.8039617099528
-1584.5080577742233	-1137.8039617099528
-1575.2568369483706	-1137.8039617099528
-1566.0056161225177	-1147.0551825358057
-1556.754395296665	-1156.3064033616583
-1547.5031744708122	-1156.3064033616583
-1538.2519536449595	-1165.5576241875112
-1529.0007328191066	-1174.808845013364
-1519.749511993254	-1184.0600658392168
-1510.498291167401	-1184.0600658392168
-1501.2470703415484	-1193.3112866650695
-1491.9958495156955	-1193.3112866650695
-1482.7446286898428	-1202.5625074909224
-1473.49340786399	-1211.813728316775
-1464.2421870381372	-1221.064949142628
-1454.9909662122843	-1221.064949142628
-1445.7397453864317	-1230.3161699684806
-1436.4885245605788	-1230.3161699684806
-1427.237303734726	-1239.5673907943335
-1417.9860829088732	-1248.8186116201862
-1408.7348620830205	-1258.069832446039
-1399.4836412571676	-1258.069832446039
-1390.232420431315	-1267.3210532718917
-1380.981199605462	-1267.3210532718917
-1371.7299787796094	-1267.3210532718917
-1362.4787579537565	-1267.3210532718917
-1353.2275371279038	-1267.3210532718917
-1343.976316302051	-1258.069832446039
-1334.7250954761982	-1267.3210532718917
-1325.4738746503454	-1267.3210532718917
-1316.2226538244927	-1267.3210532718917
-1306.9714329986398	-1267.3210532718917
-1297.7202121727871	-1276.5722740977446
-1288.4689913469342	-1276.5722740977446
-1279.2177705210815	-1276.5722740977446
-1269.9665496952287	-1285.8234949235973
-1260.715328869376	-1285.8234949235973
-1251.464108043523	-1295.0747157494502
-1242.2128872176704	-1295.0747157494502
-1232.9616663918175	-1295.0747157494502
-1223.7104455659648	-1295.0747157494502
-1214.459224740112	-1295.0747157494502
-1205.2080039142593	-1304.3259365753029
-1195.9567830884064	-1304.3259365753029
-1186.7055622625537	-1304.3259365753029
-1177.4543414367008	-1304.3259365753029
-1168.2031206108481	-1304.3259365753029
-1158.9518997849952	-1304.3259365753029
-1149.7006789591426	-1304.3259365753029
-1140.4494581332897	-1304.3259365753029
-1131.198237307437	-1304.3259365753029
-1121.9470164815841	-1304.3259365753029
-1112.6957956557314	-1304.3259365753029
-1103.4445748298785	-1304.3259365753029
-1094.1933540040259	-1304.3259365753029
-1084.942133178173	-1304.3259365753029
-1075.6909123523203	-1295.0747157494502
-1066.4396915264674	-1295.0747157494502
-1057.1884707006147	-1304.3259365753029
-1047.9372498747618	-1304.3259365753029
-1038.6860290489092	-1304.3259365753029
-1029.4348082230563	-1304.3259365753029
-1020.1835873972036	-1304.3259365753029
-1010.9323665713508	-1313.5771574011558
-1001.681145745498	-1313.5771574011558
-992.4299249196453	-1313.5771574011558
-983.1787040937925	-1304.3259365753029
-973.9274832679397	-1304.3259365753029
-964.6762624420869	-1304.3259365753029
-955.4250416162341	-1304.3259365753029
-946.1738207903813	-1304.3259365753029
-936.9225999645286	-1304.3259365753029
-927.6713791386758	-1304.3259365753029
-918.420158312823	-1304.3259365753029
-909.1689374869702	-1304.3259365753029
-899.9177166611174	-1313.5771574011558
-890.6664958352646	-1313.5771574011558
-881.4152750094119	-1313.5771574011558
-872.1640541835591	-1313.5771574011558
-862.9128333577063	-1313.5771574011558
-853.6616125318535	-1313.5771574011558
-844.4103917060007	-1313.5771574011558
-835.1591708801479	-1313.5771574011558
-825.9079500542952	-1313.5771574011558
-816.6567292284424	-1313.5771574011558
-807.4055084025896	-1313.5771574011558
-798.1542875767368	-1313.5771574011558
-788.903066750884	-1322.8283782270084
-779.6518459250312	-1332.0795990528613
-770.4006250991785	-1341.330819878714
-761.1494042733257	-1350.582040704567
-751.8981834474729	-1350.582040704567
-742.6469626216201	-1359.8332615304196
-733.3957417957673	-1359.8332615304196
-724.1445209699145	-1359.8332615304196
-714.8933001440618	-1359.8332615304196
-705.642079318209	-1359.8332615304196
-696.3908584923562	-1359.8332615304196
-687.1396376665034	-1359.8332615304196
-677.8884168406506	-1369.0844823562725
-668.6371960147978	-1369.0844823562725
-659.385975188945	-1378.3357031821251
-650.1347543630923	-1378.3357031821251
-640.8835335372395	-1378.3357031821251
-631.6323127113867	-1387.586924007978
-622.3810918855339	-1387.586924007978
-613.1298710596811	-1387.586924007978
-603.8786502338284	-1387.586924007978
-594.6274294079756	-1396.8381448338307
-585.3762085821228	-1396.8381448338307
-576.12498775627	-1396.8381448338307
-566.8737669304172	-1396.8381448338307
-557.6225461045644	-1396.8381448338307
-548.3713252787117	-1406.0893656596836
-539.1201044528589	-1406.0893656596836
-529.8688836270061	-1406.0893656596836
-520.6176628011533	-1406.0893656596836
-511.3664419753005	-1415.3405864855363
-502.11522114944773	-1424.5918073113892
-492.86400032359495	-1424.5918073113892
-483.61277949774217	-1424.5918073113892
-474.3615586718894	-1433.8430281372418
-465.1103378460366	-1433.8430281372418
-455.8591170201838	-1443.0942489630947
-446.60789619433103	-1452.3454697889474
-437.35667536847825	-1452.3454697889474
-428.10545454262547	-1452.3454697889474
-418.8542337167727	-1461.5966906148003
-409.6030128909199	-1461.5966906148003
-400.3517920650671	-1461.5966906148003
-391.10057123921433	-1470.847911440653
-381.84935041336155	-1470.847911440653
-372.59812958750877	-1470.847911440653
-363.346908761656	-1470.847911440653
-354.0956879358032	-1470.847911440653
-344.8444671099504	-1470.847911440653
-335.59324628409763	-1470.847911440653
-326.34202545824485	-1461.5966906148003
-317.09080463239206	-1461.5966906148003
-307.8395838065393	-1461.5966906148003
-298.5883629806865	-1461.5966906148003
-289.3371421548337	-1461.5966906148003
-280.08592132898093	-1461.5966906148003
-270.83470050312815	-1461.5966906148003
-261.58347967727536	-1461.5966906148003
-252.33225885142258	-1461.5966906148003
-243.0810380255698	-1461.5966906148003
-233.829817199717	-1452.3454697889474
-224.57859637386423	-1452.3454697889474
-215.32737554801145	-1452.3454697889474
-206.07615472215866	-1452.3454697889474
-196.82493389630588	-1452.3454697889474
-187.5737130704531	-1452.3454697889474
-178.3224922446003	-1452.3454697889474
-169.07127141874753	-1443.0942489630947
-159.82005059289475	-1443.0942489630947
-150.56882976704196	-1443.0942489630947
-141.31760894118918	-1443.0942489630947
-132.0663881153364	-1433.8430281372418
-122.8151672894836	-1433.8430281372418
-113.56394646363081	-1424.5918073113892
-104.31272563777803	-1424.5918073113892
-95.06150481192525	-1424.5918073113892
-85.81028398607246	-1415.3405864855363
-76.55906316021968	-1415.3405864855363
-67.3078423343669	-1415.3405864855363
-58.05662150851411	-1415.3405864855363
-48.80540068266133	-1415.3405864855363
-39.554179856808545	-1415.3405864855363
-30.302959030955765	-1415.3405864855363
-21.051738205102982	-1415.3405864855363
-11.800517379250197	-1424.5918073113892
-2.5492965533974132	-1424.5918073113892
6.70192427245537	-1415.3405864855363
15.953145098308154	-1415.3405864855363
25.204365924160935	-1415.3405864855363
34.45558675001372	-1415.3405864855363
43.706807575866506	-1415.3405864855363
52.95802840171929	-1415.3405864855363
62.20924922757207	-1424.5918073113892
71.46047005342486	-1424.5918073113892
80.71169087927764	-1424.5918073113892
89.96291170513042	-1424.5918073113892
99.2141325309832	-1424.5918073113892
108.46535335683599	-1424.5918073113892
117.71657418268877	-1424.5918073113892
126.96779500854156	-1424.5918073113892
136.21901583439433	-1424.5918073113892
145.4702366602471	-1424.5918073113892
154.7214574860999	-1424.5918073113892
163.97267831195268	-1424.5918073113892
173.22389913780546	-1424.5918073113892
182.47511996365824	-1424.5918073113892
191.72634078951103	-1415.3405864855363
200.9775616153638	-1415.3405864855363
210.2287824412166	-1406.0893656596836
219.48000326706938	-1406.0893656596836
228.73122409292216	-1396.8381448338307
237.98244491877495	-1396.8381448338307
247.23366574462773	-1396.8381448338307
256.4848865704805	-1387.586924007978
256.4848865704805	-1378.3357031821251
265.7361073963333	-1369.0844823562725
274.9873282221861	-1359.8332615304196
284.23854904803886	-1359.8332615304196
293.48976987389165	-1350.582040704567
302.74099069974443	-1350.582040704567
311.9922115255972	-1350.582040704567
321.24343235145	-1350.582040704567
330.4946531773028	-1350.582040704567
339.74587400315556	-1350.582040704567
348.99709482900835	-1341.330819878714
358.24831565486113	-1341.330819878714
367.4995364807139	-1341.330819878714
376.7507573065667	-1341.330819878714
386.0019781324195	-1332.0795990528613
386.0019781324195	-1322.8283782270084
395.25319895827226	-1313.5771574011558
404.50441978412505	-1313.5771574011558
413.75564060997783	-1313.5771574011558
423.0068614358306	-1313.5771574011558
423.0068614358306	-1304.3259365753029
432.2580822616834	-1295.0747157494502
441.5093030875362	-1295.0747157494502
450.76052391338897	-1304.3259365753029
460.01174473924175	-1295.0747157494502
469.26296556509453	-1304.3259365753029
478.5141863909473	-1304.3259365753029
487.7654072168001	-1295.0747157494502
497.0166280426529	-1285.8234949235973
506.26784886850567	-1285.8234949235973
515.5190696943584	-1285.8234949235973
524.7702905202112	-1285.8234949235973
524.7702905202112	-1276.5722740977446
534.021511346064	-1267.3210532718917
543.2727321719168	-1258.069832446039
552.5239529977696	-1258.069832446039
561.7751738236224	-1258.069832446039
571.0263946494752	-1258.069832446039
580.2776154753279	-1248.8186116201862
589.5288363011807	-1248.8186116201862
598.7800571270335	-1248.8186116201862
608.0312779528863	-1248.8186116201862
617.2824987787391	-1248.8186116201862
626.5337196045919	-1258.069832446039
635.7849404304446	-1258.069832446039
645.0361612562974	-1267.3210532718917
654.2873820821502	-1276.5722740977446
663.538602908003	-1285.8234949235973
663.538602908003	-1295.0747157494502
672.7898237338558	-1304.3259365753029
682.0410445597086	-1313.5771574011558
682.0410445597086	-1322.8283782270084
691.2922653855613	-1332.0795990528613
700.5434862114141	-1341.330819878714
709.7947070372669	-1341.330819878714
719.0459278631197	-1341.330819878714
728.2971486889725	-1341.330819878714
737.5483695148253	-1332.0795990528613
746.799590340678	-1332.0795990528613
756.0508111665308	-1332.0795990528613
765.3020319923836	-1322.8283782270084
774.5532528182364	-1322.8283782270084
783.8044736440892	-1322.8283782270084
793.055694469942	-1322.8283782270084
802.3069152957947	-1322.8283782270084
811.5581361216475	-1332.0795990528613
820.8093569475003	-1332.0795990528613
830.0605777733531	-1332.0795990528613
839.3117985992059	-1332.0795990528613
848.5630194250587	-1332.0795990528613
857.8142402509114	-1332.0795990528613
867.0654610767642	-1322.8283782270084
876.316681902617	-1313.5771574011558
885.5679027284698	-1313.5771574011558
894.8191235543226	-1304.3259365753029
904.0703443801754	-1295.0747157494502
913.3215652060281	-1285.8234949235973
922.5727860318809	-1276.5722740977446
931.8240068577337	-1267.3210532718917
941.0752276835865	-1258.069832446039
941.0752276835865	-1248.8186116201862
950.3264485094393	-1239.5673907943335
959.5776693352921	-1230.3161699684806
968.8288901611448	-1230.3161699684806
978.0801109869976	-1221.064949142628
987.3313318128504	-1221.064949142628
996.5825526387032	-1221.064949142628
1005.833773464556	-1221.064949142628
1015.0849942904088	-1221.064949142628
1024.3362151162617	-1221.064949142628
1033.5874359421143	-1221.064949142628
1042.8386567679672	-1211.813728316775
1052.08987759382	-1211.813728316775
1061.3410984196728	-1211.813728316775
1070.5923192455255	-1202.5625074909224
1079.8435400713784	-1193.3112866650695
1089.094760897231	-1193.3112866650695
1098.345981723084	-1184.0600658392168
1107.5972025489366	-1174.808845013364
1116.8484233747895	-1174.808845013364
1126.0996442006422	-1174.808845013364
1135.350865026495	-1165.5576241875112
1144.6020858523477	-1165.5576241875112
1153.8533066782006	-1156.3064033616583
1163.1045275040533	-1156.3064033616583
1172.3557483299062	-1147.0551825358057
1181.6069691557589	-1137.8039617099528
1190.8581899816118	-1128.5527408841
1200.1094108074644	-1128.5527408841
1209.3606316333173	-1119.3015200582472
1218.61185245917	-1119.3015200582472
1227.863073285023	-1110.0502992323945
1237.1142941108756	-1110.0502992323945
1246.3655149367285	-1110.0502992323945
1255.6167357625811	-1100.7990784065416
1264.867956588434	-1100.7990784065416
1274.1191774142867	-1091.547857580689
1283.3703982401396	-1091.547857580689
1292.6216190659923	-1091.547857580689
1301.8728398918452	-1082.296636754836
1311.1240607176978	-1082.296636754836
1320.3752815435507	-1073.0454159289834
1329.6265023694034	-1073.0454159289834
1338.8777231952563	-1063.7941951031305
1348.128944021109	-1063.7941951031305
1357.3801648469619	-1054.5429742772778
1366.6313856728145	-1054.5429742772778
1375.8826064986674	-1054.5429742772778
1385.13382732452	-1045.291753451425
1394.385048150373	-1045.291753451425
1403.6362689762257	-1045.291753451425
1412.8874898020786	-1045.291753451425
1422.1387106279312	-1036.0405326255723
1431.3899314537841	-1036.0405326255723
1440.6411522796368	-1026.7893117997194
1449.8923731054897	-1017.5380909738667
1459.1435939313424	-1017.5380909738667
1468.3948147571953	-1008.2868701480139
1477.646035583048	-999.0356493221611
1486.8972564089008	-989.7844284963084
1496.1484772347535	-989.7844284963084
1505.3996980606064	-980.5332076704556
1514.650918886459	-980.5332076704556
1523.902139712312	-971.2819868446028
1533.1533605381646	-971.2819868446028
1542.4045813640175	-971.2819868446028
1551.6558021898702	-971.2819868446028
1560.907023015723	-962.03076601875
1570.1582438415758	-952.7795451928972
1579.4094646674287	-943.5283243670444
1579.4094646674287	-934.2771035411917
1588.6606854932813	-925.0258827153389
1597.9119063191342	-915.7746618894861
1607.163127144987	-906.5234410636333
1616.4143479708398	-897.2722202377805
1625.6655687966925	-897.2722202377805
1634.9167896225454	-888.0209994119277
1644.168010448398	-878.769778586075
1653.419231274251	-878.769778586075
1662.6704521001036	-869.5185577602222
1671.9216729259565	-869.5185577602222
1681.1728937518092	-860.2673369343694
1690.424114577662	-851.0161161085166
1699.6753354035147	-851.0161161085166
1699.6753354035147	-841.7648952826638
1708.9265562293676	-832.513674456811
1718.1777770552203	-823.2624536309582
1718.1777770552203	-814.0112328051055
1727.4289978810732	-804.7600119792527
1736.6802187069259	-795.5087911533999
1745.9314395327788	-786.2575703275471
1755.1826603586314	-777.0063495016943
1764.4338811844843	-777.0063495016943
1773.685102010337	-767.7551286758415
1782.93632283619	-758.5039078499888
1792.1875436620426	-749.252687024136
1801.4387644878955	-740.0014661982832
1810.6899853137481	-730.7502453724304
1819.941206139601	-721.4990245465776
1829.1924269654537	-712.2478037207248
1838.4436477913066	-702.9965828948721
1847.6948686171593	-693.7453620690193
1856.9460894430122	-684.4941412431665
1866.1973102688648	-675.2429204173137
1866.1973102688648	-665.9916995914609
1875.4485310947177	-656.7404787656081
1875.4485310947177	-647.4892579397554
1884.6997519205704	-638.2380371139026
1884.6997519205704	-628.9868162880498
1893.9509727464233	-619.735595462197
1903.202193572276	-610.4843746363442
1912.4534143981289	-601.2331538104914
1912.4534143981289	-591.9819329846387
1921.7046352239815	-582.7307121587859
1930.9558560498344	-573.4794913329331
1930.9558560498344	-564.2282705070803
1940.207076875687	-554.9770496812275
1940.207076875687	-545.7258288553747
1949.45829770154	-536.474608029522
1949.45829770154	-527.2233872036692
1958.7095185273927	-517.9721663778164
1967.9607393532456	-508.7209455519636
1967.9607393532456	-499.4697247261108
1967.9607393532456	-490.21850390025804
1977.2119601790982	-480.96728307440526
1977.2119601790982	-471.7160622485525
1977.2119601790982	-462.4648414226997
1986.4631810049511	-453.2136205968469
1995.7144018308038	-443.9623997709941
2004.9656226566567	-434.71117894514134
2014.2168434825094	-425.45995811928856
2014.2168434825094	-416.2087372934358
2014.2168434825094	-406.957516467583
2023.4680643083623	-397.7062956417302
2023.4680643083623	-388.4550748158774
2032.719285134215	-379.20385399002464
2032.719285134215	-369.95263316417186
2041.9705059600678	-360.7014123383191
2041.9705059600678	-351.4501915124663
2041.9705059600678	-342.1989706866135
2041.9705059600678	-332.9477498607607
2041.9705059600678	-323.69652903490794
2051.2217267859205	-314.44530820905516
2051.2217267859205	-305.1940873832024
2051.2217267859205	-295.9428665573496
2051.2217267859205	-286.6916457314968
2051.2217267859205	-277.440424905644
2060.472947611773	-268.18920407979124
2060.472947611773	-258.93798325393846
2060.472947611773	-249.68676242808567
2060.472947611773	-240.4355416022329
2060.472947611773	-231.1843207763801
2060.472947611773	-221.93309995052732
2060.472947611773	-212.68187912467454
2051.2217267859205	-203.43065829882175
2051.2217267859205	-194.17943747296897
2060.472947611773	-184.9282166471162
2060.472947611773	-175.6769958212634
2060.472947611773	-166.42577499541062
2051.2217267859205	-157.17455416955784
2060.472947611773	-147.92333334370505
2060.472947611773	-138.67211251785227
2060.472947611773	-129.4208916919995
2060.472947611773	-120.1696708661467
2069.7241684376263	-110.91845004029392
2069.7241684376263	-101.66722921444114
2069.7241684376263	-92.41600838858835
2069.7241684376263	-83.16478756273557
2069.7241684376263	-73.91356673688279
2069.7241684376263	-64.66234591103
2069.7241684376263	-55.41112508517722
2078.975389263479	-46.159904259324435
2078.975389263479	-36.90868343347165
2078.975389263479	-27.657462607618864
2088.2266100893316	-18.40624178176608
2088.2266100893316	-9.155020955913297
2088.2266100893316	0.09619986993948534
2097.4778309151843	9.34742069579227
2097.4778309151843	18.598641521645053
2106.7290517410374	27.849862347497837
2106.7290517410374	37.10108317335062
2106.7290517410374	46.3523039992034
2115.98027256689	55.60352482505618
2115.98027256689	64.85474565090897
2115.98027256689	74.10596647676175
2115.98027256689	83.35718730261453
2125.231493392743	92.60840812846732
2125.231493392743	101.8596289543201
2125.231493392743	111.11084978017288
2125.231493392743	120.36207060602567
2134.4827142185954	129.61329143187845
2134.4827142185954	138.86451225773123
2134.4827142185954	148.11573308358402
2134.4827142185954	157.3669539094368
2134.4827142185954	166.61817473528959
2134.4827142185954	175.86939556114237
2134.4827142185954	185.12061638699515
2134.4827142185954	194.37183721284794
2134.4827142185954	203.62305803870072
2125.231493392743	212.8742788645535
2125.231493392743	222.1254996904063
2125.231493392743	231.37672051625907
2125.231493392743	240.62794134211185
2115.98027256689	249.87916216796464
2115.98027256689	259.1303829938174
2106.7290517410374	268.3816038196702
2106.7290517410374	277.632824645523
2097.4778309151843	286.88404547137577
2088.2266100893316	296.13526629722855
2088.2266100893316	305.38648712308134
2078.975389263479	314.6377079489341
2069.7241684376263	323.8889287747869
2060.472947611773	333.1401496006397
2060.472947611773	342.3913704264925
2051.2217267859205	351.64259125234526
2041.9705059600678	360.89381207819804
2032.719285134215	370.1450329040508
2032.719285134215	379.3962537299036
2023.4680643083623	388.6474745557564
2023.4680643083623	397.8986953816092
2014.2168434825094	407.14991620746196
2004.9656226566567	416.40113703331474
1995.7144018308038	425.6523578591675
1986.4631810049511	434.9035786850203
1977.2119601790982	444.1547995108731
1967.9607393532456	453.4060203367259
1967.9607393532456	462.65724116257866
1958.7095185273927	471.90846198843144
1949.45829770154	471.90846198843144
1940.207076875687	481.1596828142842
1930.9558560498344	490.410903640137
1921.7046352239815	499.6621244659898
1921.7046352239815	508.9133452918426
1921.7046352239815	518.1645661176954
1921.7046352239815	527.4157869435481
1921.7046352239815	536.6670077694009
1921.7046352239815	545.9182285952537
1912.4534143981289	555.1694494211065
1912.4534143981289	564.4206702469593
1912.4534143981289	573.6718910728121
1903.202193572276	582.9231118986648
1893.9509727464233	592.1743327245176
1893.9509727464233	601.4255535503704
1884.6997519205704	610.6767743762232
1875.4485310947177	619.927995202076
1875.4485310947177	629.1792160279288
1875.4485310947177	638.4304368537815
1875.4485310947177	647.6816576796343
1875.4485310947177	656.9328785054871
1866.1973102688648	666.1840993313399
1866.1973102688648	675.4353201571927
1866.1973102688648	684.6865409830455
1856.9460894430122	693.9377618088982
1856.9460894430122	703.188982634751
1856.9460894430122	712.4402034606038
1847.6948686171593	712.4402034606038
1838.4436477913066	721.6914242864566
1829.1924269654537	730.9426451123094
1829.1924269654537	740.1938659381622
1819.941206139601	749.445086764015
1810.6899853137481	758.6963075898677
1810.6899853137481	767.9475284157205
1801.4387644878955	777.1987492415733
1801.4387644878955	786.4499700674261
1792.1875436620426	795.7011908932789
1792.1875436620426	804.9524117191316
1782.93632283619	814.2036325449844
1773.685102010337	823.4548533708372
1764.4338811844843	832.70607419669
1755.1826603586314	841.9572950225428
1745.9314395327788	841.9572950225428
1736.6802187069259	851.2085158483956
1727.4289978810732	860.4597366742483
1718.1777770552203	860.4597366742483
1708.9265562293676	869.7109575001011
1699.6753354035147	878.9621783259539
1690.424114577662	888.2133991518067
1690.424114577662	897.4646199776595
1681.1728937518092	897.4646199776595
1671.9216729259565	906.7158408035123
1662.6704521001036	915.967061629365
1662.6704521001036	925.2182824552178
1653.419231274251	934.4695032810706
1644.168010448398	943.7207241069234
1634.9167896225454	952.9719449327762
1625.6655687966925	962.223165758629
1616.4143479708398	971.4743865844817
1607.163127144987	971.4743865844817
1597.9119063191342	980.7256074103345
1588.6606854932813	980.7256074103345
1579.4094646674287	980.7256074103345
1570.1582438415758	989.9768282361873
1560.907023015723	989.9768282361873
1551.6558021898702	989.9768282361873
1542.4045813640175	989.9768282361873
1533.1533605381646	999.2280490620401
1523.902139712312	999.2280490620401
1514.650918886459	1008.4792698878929
1505.3996980606064	1008.4792698878929
1496.1484772347535	1008.4792698878929
1486.8972564089008	1017.7304907137457
1477.646035583048	1026.9817115395986
1468.3948147571953	1036.2329323654512
1459.1435939313424	1036.2329323654512
1449.8923731054897	1036.2329323654512
1440.6411522796368	1045.4841531913041
1440.6411522796368	1054.7353740171568
1431.3899314537841	1054.7353740171568
1422.1387106279312	1063.9865948430097
1412.8874898020786	1073.2378156688624
1403.6362689762257	1082.4890364947153
1394.385048150373	1082.4890364947153
1385.13382732452	1082.4890364947153
1375.8826064986674	1091.740257320568
1366.6313856728145	1091.740257320568
1357.3801648469619	1091.740257320568
1348.128944021109	1100.9914781464208
1338.8777231952563	1100.9914781464208
1329.6265023694034	1110.2426989722735
1320.3752815435507	1110.2426989722735
1311.1240607176978	1110.2426989722735
1301.8728398918452	1119.4939197981264
1292.6216190659923	1128.745140623979
1283.3703982401396	1128.745140623979
1274.1191774142867	1128.745140623979
1264.867956588434	1137.996361449832
1255.6167357625811	1137.996361449832
1246.3655149367285	1137.996361449832
1237.1142941108756	1147.2475822756846
1227.863073285023	1147.2475822756846
1218.61185245917	1156.4988031015375
1209.3606316333173	1156.4988031015375
1200.1094108074644	1165.7500239273902
1190.8581899816118	1165.7500239273902
1181.6069691557589	1165.7500239273902
1172.3557483299062	1165.7500239273902
1163.1045275040533	1165.7500239273902
1153.8533066782006	1156.4988031015375
1144.6020858523477	1156.4988031015375
1135.350865026495	1156.4988031015375
1126.0996442006422	1156.4988031015375
1116.8484233747895	1156.4988031015375
1107.5972025489366	1165.7500239273902
1098.345981723084	1165.7500239273902
1089.094760897231	1175.001244753243
1079.8435400713784	1184.2524655790958
1070.5923192455255	1184.2524655790958
1061.3410984196728	1193.5036864049487
1052.08987759382	1193.5036864049487
1042.8386567679672	1193.5036864049487
1033.5874359421143	1193.5036864049487
1024.3362151162617	1202.7549072308013
1015.0849942904088	1202.7549072308013
1005.833773464556	1202.7549072308013
996.5825526387032	1202.7549072308013
987.3313318128504	1202.7549072308013
978.0801109869976	1212.0061280566542
968.8288901611448	1212.0061280566542
959.5776693352921	1221.257348882507
950.3264485094393	1221.257348882507
941.0752276835865	1230.5085697083598
931.8240068577337	1239.7597905342125
922.5727860318809	1249.0110113600654
913.3215652060281	1258.262232185918
904.0703443801754	1267.513453011771
894.8191235543226	1276.7646738376236
885.5679027284698	1276.7646738376236
876.316681902617	1286.0158946634765
867.0654610767642	1295.2671154893292
857.8142402509114	1304.518336315182
848.5630194250587	1313.7695571410347
839.3117985992059	1323.0207779668876
830.0605777733531	1323.0207779668876
820.8093569475003	1323.0207779668876
811.5581361216475	1323.0207779668876
802.3069152957947	1332.2719987927403
793.055694469942	1332.2719987927403
783.8044736440892	1332.2719987927403
774.5532528182364	1341.5232196185932
765.3020319923836	1341.5232196185932
756.0508111665308	1350.7744404444459
746.799590340678	1350.7744404444459
737.5483695148253	1350.7744404444459
728.2971486889725	1360.0256612702988
719.0459278631197	1360.0256612702988
709.7947070372669	1360.0256612702988
700.5434862114141	1360.0256612702988
691.2922653855613	1369.2768820961514
682.0410445597086	1369.2768820961514
672.7898237338558	1378.5281029220043
663.538602908003	1378.5281029220043
654.2873820821502	1387.779323747857
645.0361612562974	1397.03054457371
635.7849404304446	1397.03054457371
626.5337196045919	1406.2817653995626
617.2824987787391	1415.5329862254155
608.0312779528863	1415.5329862254155
598.7800571270335	1424.7842070512681
589.5288363011807	1424.7842070512681
580.2776154753279	1434.035427877121
571.0263946494752	1434.035427877121
561.7751738236224	1434.035427877121
552.5239529977696	1443.2866487029737
543.2727321719168	1443.2866487029737
534.021511346064	1452.5378695288266
524.7702905202112	1452.5378695288266
515.5190696943584	1452.5378695288266
506.26784886850567	1461.7890903546793
497.0166280426529	1461.7890903546793
487.7654072168001	1461.7890903546793
478.5141863909473	1471.0403111805322
469.26296556509453	1471.0403111805322
460.01174473924175	1480.2915320063848
450.76052391338897	1489.5427528322377
450.76052391338897	1498.7939736580904
441.5093030875362	1498.7939736580904
432.2580822616834	1508.0451944839433
432.2580822616834	1517.296415309796
423.0068614358306	1517.296415309796
413.75564060997783	1526.5476361356489
404.50441978412505	1526.5476361356489
395.25319895827226	1535.7988569615015
386.0019781324195	1535.7988569615015
376.7507573065667	1545.0500777873544
367.4995364807139	1554.301298613207
358.24831565486113	1554.301298613207
348.99709482900835	1563.55251943906
339.74587400315556	1572.8037402649127
330.4946531773028	1572.8037402649127
321.24343235145	1582.0549610907656
311.9922115255972	1591.3061819166182
302.74099069974443	1591.3061819166182
293.48976987389165	1600.5574027424711
284.23854904803886	1609.8086235683238
274.9873282221861	1619.0598443941767
265.7361073963333	1619.0598443941767
256.4848865704805	1628.3110652200294
247.23366574462773	1628.3110652200294
237.98244491877495	1637.5622860458823
228.73122409292216	1637.5622860458823
219.48000326706938	1646.813506871735
210.2287824412166	1646.813506871735
200.9775616153638	1646.813506871735
191.72634078951103	1656.0647276975878
182.47511996365824	1656.0647276975878
173.22389913780546	1665.3159485234405
163.97267831195268	1674.5671693492934
154.7214574860999	1683.818390175146
145.4702366602471	1693.069611000999
136.21901583439433	1702.3208318268516
126.96779500854156	1702.3208318268516
117.71657418268877	1702.3208318268516
108.46535335683599	1702.3208318268516
99.2141325309832	1711.5720526527045
89.96291170513042	1711.5720526527045
80.71169087927764	1720.8232734785572
71.46047005342486	1730.07449430441
62.20924922757207	1730.07449430441
52.95802840171929	1730.07449430441
43.706807575866506	1730.07449430441
34.45558675001372	1730.07449430441
25.204365924160935	1730.07449430441
15.953145098308154	1739.3257151302628
6.70192427245537	1739.3257151302628
-2.5492965533974132	1748.5769359561157
