# particle morphology
# using file: 33-05X-H.png
#
#x/µm	y/µm
-191.46195586542262	1370.5485007366499
-200.70351780438133	1370.5485007366499
-209.94507974334005	1370.5485007366499
-219.18664168229876	1370.5485007366499
-228.42820362125747	1370.5485007366499
-237.66976556021618	1370.5485007366499
-246.91132749917486	1370.5485007366499
-256.15288943813357	1370.5485007366499
-265.3944513770923	1370.5485007366499
-274.636013316051	1370.5485007366499
-283.8775752550097	1370.5485007366499
-293.1191371939684	1361.3069387976911
-302.3606991329271	1361.3069387976911
-311.60226107188583	1352.0653768587324
-320.8438230108445	1352.0653768587324
-330.08538494980326	1352.0653768587324
-339.32694688876194	1352.0653768587324
-348.5685088277207	1342.8238149197737
-357.81007076667936	1342.8238149197737
-367.05163270563804	1342.8238149197737
-376.2931946445968	1342.8238149197737
-385.53475658355546	1342.8238149197737
-394.7763185225142	1342.8238149197737
-404.0178804614729	1342.8238149197737
-413.2594424004316	1342.8238149197737
-422.5010043393903	1342.8238149197737
-431.742566278349	1342.8238149197737
-440.9841282173077	1342.8238149197737
-450.2256901562664	1342.8238149197737
-459.46725209522515	1333.582252980815
-468.70881403418383	1333.582252980815
-477.95037597314257	1333.582252980815
-487.19193791210125	1333.582252980815
-496.43349985106	1333.582252980815
-505.6750617900187	1324.3406910418562
-514.9166237289774	1315.0991291028977
-524.1581856679361	1305.857567163939
-533.3997476068948	1305.857567163939
-542.6413095458535	1305.857567163939
-551.8828714848122	1296.6160052249802
-561.1244334237709	1296.6160052249802
-570.3659953627297	1296.6160052249802
-579.6075573016883	1287.3744432860215
-588.849119240647	1287.3744432860215
-598.0906811796058	1278.1328813470627
-607.3322431185644	1278.1328813470627
-616.5738050575231	1278.1328813470627
-625.8153669964819	1268.891319408104
-635.0569289354406	1268.891319408104
-644.2984908743992	1259.6497574691452
-653.540052813358	1259.6497574691452
-662.7816147523167	1250.4081955301867
-672.0231766912754	1250.4081955301867
-681.2647386302341	1250.4081955301867
-690.5063005691928	1250.4081955301867
-699.7478625081516	1250.4081955301867
-708.9894244471102	1250.4081955301867
-718.2309863860689	1241.166633591228
-727.4725483250277	1241.166633591228
-736.7141102639863	1241.166633591228
-745.955672202945	1231.9250716522693
-755.1972341419038	1231.9250716522693
-764.4387960808625	1231.9250716522693
-773.6803580198211	1222.6835097133105
-782.9219199587799	1222.6835097133105
-792.1634818977386	1213.4419477743518
-801.4050438366972	1213.4419477743518
-810.646605775656	1213.4419477743518
-819.8881677146147	1204.200385835393
-829.1297296535735	1194.9588238964343
-838.3712915925321	1194.9588238964343
-847.6128535314908	1185.7172619574758
-856.8544154704496	1176.475700018517
-866.0959774094083	1176.475700018517
-875.3375393483669	1167.2341380795583
-884.5791012873257	1167.2341380795583
-893.8206632262844	1167.2341380795583
-903.062225165243	1157.9925761405996
-912.3037871042018	1157.9925761405996
-921.5453490431605	1148.7510142016408
-930.7869109821193	1148.7510142016408
-940.0284729210779	1139.509452262682
-949.2700348600366	1130.2678903237233
-958.5115967989954	1121.0263283847648
-967.753158737954	1111.784766445806
-976.9947206769127	1102.5432045068474
-986.2362826158715	1093.3016425678886
-995.4778445548302	1084.0600806289299
-1004.7194064937888	1074.8185186899711
-1013.9609684327476	1065.5769567510124
-1023.2025303717063	1056.335394812054
-1023.2025303717063	1047.0938328730952
-1032.444092310665	1037.8522709341364
-1041.6856542496237	1037.8522709341364
-1050.9272161885824	1028.6107089951777
-1060.1687781275411	1019.3691470562189
-1069.4103400664999	1010.1275851172603
-1078.6519020054586	1010.1275851172603
-1087.8934639444171	1000.8860231783016
-1087.8934639444171	991.6444612393428
-1097.1350258833759	982.4028993003841
-1106.3765878223346	973.1613373614255
-1115.6181497612934	963.9197754224667
-1124.859711700252	963.9197754224667
-1134.1012736392108	954.678213483508
-1143.3428355781696	945.4366515445494
-1143.3428355781696	936.1950896055906
-1152.584397517128	926.9535276666319
-1161.8259594560868	926.9535276666319
-1171.0675213950456	917.7119657276731
-1180.3090833340043	917.7119657276731
-1189.550645272963	908.4704037887145
-1198.7922072119218	899.2288418497558
-1208.0337691508805	889.987279910797
-1217.275331089839	880.7457179718383
-1217.275331089839	871.5041560328797
-1226.5168930287978	862.2625940939209
-1226.5168930287978	853.0210321549622
-1235.7584549677565	843.7794702160036
-1235.7584549677565	834.5379082770448
-1245.0000169067152	825.2963463380861
-1254.241578845674	816.0547843991274
-1254.241578845674	806.8132224601687
-1263.4831407846327	797.57166052121
-1272.7247027235915	788.3300985822513
-1272.7247027235915	779.0885366432926
-1281.96626466255	769.8469747043339
-1281.96626466255	760.6054127653751
-1291.2078266015087	751.3638508264164
-1291.2078266015087	742.1222888874578
-1291.2078266015087	732.880726948499
-1300.4493885404675	723.6391650095403
-1309.6909504794262	714.3976030705817
-1309.6909504794262	705.1560411316229
-1318.932512418385	695.9144791926642
-1318.932512418385	686.6729172537055
-1328.1740743573437	677.4313553147468
-1337.4156362963024	668.1897933757881
-1337.4156362963024	658.9482314368294
-1337.4156362963024	649.7066694978707
-1346.657198235261	640.465107558912
-1346.657198235261	631.2235456199533
-1346.657198235261	621.9819836809945
-1355.8987601742197	612.7404217420359
-1355.8987601742197	603.4988598030772
-1355.8987601742197	594.2572978641184
-1355.8987601742197	585.0157359251597
-1355.8987601742197	575.774173986201
-1365.1403221131784	566.5326120472423
-1365.1403221131784	557.2910501082836
-1365.1403221131784	548.049488169325
-1365.1403221131784	538.8079262303662
-1365.1403221131784	529.5663642914075
-1374.3818840521371	520.3248023524487
-1374.3818840521371	511.08324041349005
-1374.3818840521371	501.84167847453136
-1374.3818840521371	492.6001165355727
-1374.3818840521371	483.35855459661394
-1374.3818840521371	474.11699265765526
-1374.3818840521371	464.8754307186965
-1374.3818840521371	455.63386877973784
-1374.3818840521371	446.3923068407791
-1365.1403221131784	437.1507449018204
-1365.1403221131784	427.90918296286173
-1365.1403221131784	418.667621023903
-1365.1403221131784	409.4260590849443
-1365.1403221131784	400.1844971459856
-1365.1403221131784	390.9429352070269
-1365.1403221131784	381.70137326806815
-1365.1403221131784	372.45981132910947
-1365.1403221131784	363.21824939015073
-1365.1403221131784	353.97668745119205
-1365.1403221131784	344.73512551223337
-1365.1403221131784	335.4935635732746
-1365.1403221131784	326.25200163431595
-1374.3818840521371	317.0104396953572
-1374.3818840521371	307.7688777563985
-1374.3818840521371	298.5273158174398
-1374.3818840521371	289.2857538784811
-1374.3818840521371	280.0441919395224
-1374.3818840521371	270.8026300005637
-1374.3818840521371	261.561068061605
-1383.6234459910959	252.31950612264626
-1383.6234459910959	243.07794418368758
-1383.6234459910959	233.83638224472887
-1392.8650079300546	224.59482030577016
-1392.8650079300546	215.35325836681145
-1392.8650079300546	206.11169642785273
-1392.8650079300546	196.87013448889402
-1392.8650079300546	187.6285725499353
-1392.8650079300546	178.3870106109766
-1383.6234459910959	169.14544867201792
-1383.6234459910959	159.9038867330592
-1383.6234459910959	150.6623247941005
-1383.6234459910959	141.4207628551418
-1374.3818840521371	132.17920091618308
-1374.3818840521371	122.93763897722437
-1374.3818840521371	113.69607703826567
-1383.6234459910959	104.45451509930696
-1383.6234459910959	95.21295316034825
-1383.6234459910959	85.97139122138954
-1383.6234459910959	76.72982928243084
-1383.6234459910959	67.48826734347213
-1383.6234459910959	58.24670540451342
-1374.3818840521371	49.00514346555472
-1374.3818840521371	39.763581526596006
-1374.3818840521371	30.5220195876373
-1374.3818840521371	21.280457648678592
-1374.3818840521371	12.038895709719885
-1365.1403221131784	2.797333770761178
-1365.1403221131784	-6.4442281681975295
-1365.1403221131784	-15.685790107156237
-1374.3818840521371	-24.927352046114944
-1374.3818840521371	-34.16891398507365
-1374.3818840521371	-43.410475924032355
-1374.3818840521371	-52.652037862991065
-1374.3818840521371	-61.89359980194977
-1374.3818840521371	-71.13516174090847
-1374.3818840521371	-80.37672367986718
-1374.3818840521371	-89.6182856188259
-1383.6234459910959	-98.8598475577846
-1383.6234459910959	-108.1014094967433
-1383.6234459910959	-117.34297143570201
-1383.6234459910959	-126.58453337466072
-1374.3818840521371	-135.82609531361942
-1374.3818840521371	-145.06765725257813
-1374.3818840521371	-154.30921919153684
-1365.1403221131784	-163.55078113049555
-1365.1403221131784	-172.79234306945426
-1355.8987601742197	-182.03390500841297
-1346.657198235261	-191.27546694737168
-1346.657198235261	-200.51702888633037
-1346.657198235261	-209.75859082528908
-1337.4156362963024	-219.0001527642478
-1337.4156362963024	-228.2417147032065
-1337.4156362963024	-237.4832766421652
-1328.1740743573437	-246.72483858112392
-1328.1740743573437	-255.96640052008263
-1318.932512418385	-265.2079624590413
-1318.932512418385	-274.44952439800005
-1318.932512418385	-283.69108633695873
-1318.932512418385	-292.9326482759175
-1318.932512418385	-302.17421021487615
-1318.932512418385	-311.41577215383484
-1318.932512418385	-320.6573340927936
-1318.932512418385	-329.89889603175226
-1309.6909504794262	-339.140457970711
-1300.4493885404675	-348.3820199096697
-1291.2078266015087	-357.6235818486284
-1291.2078266015087	-366.8651437875871
-1281.96626466255	-376.10670572654584
-1281.96626466255	-385.3482676655045
-1272.7247027235915	-394.5898296044632
-1263.4831407846327	-403.83139154342194
-1263.4831407846327	-413.0729534823806
-1254.241578845674	-422.31451542133937
-1254.241578845674	-431.55607736029805
-1245.0000169067152	-440.7976392992568
-1245.0000169067152	-450.03920123821547
-1245.0000169067152	-459.28076317717415
-1245.0000169067152	-468.5223251161329
-1254.241578845674	-477.7638870550916
-1254.241578845674	-487.0054489940503
-1254.241578845674	-496.247010933009
-1254.241578845674	-505.48857287196773
-1263.4831407846327	-514.7301348109264
-1263.4831407846327	-523.9716967498852
-1263.4831407846327	-533.2132586888438
-1263.4831407846327	-542.4548206278025
-1263.4831407846327	-551.6963825667613
-1272.7247027235915	-560.93794450572
-1272.7247027235915	-570.1795064446786
-1281.96626466255	-579.4210683836374
-1281.96626466255	-588.6626303225961
-1281.96626466255	-597.9041922615548
-1272.7247027235915	-607.1457542005135
-1272.7247027235915	-616.3873161394722
-1272.7247027235915	-625.628878078431
-1263.4831407846327	-634.8704400173896
-1263.4831407846327	-644.1120019563483
-1263.4831407846327	-653.353563895307
-1254.241578845674	-662.5951258342658
-1254.241578845674	-671.8366877732244
-1245.0000169067152	-681.0782497121832
-1235.7584549677565	-690.3198116511419
-1226.5168930287978	-690.3198116511419
-1217.275331089839	-699.5613735901005
-1208.0337691508805	-699.5613735901005
-1198.7922072119218	-708.8029355290593
-1189.550645272963	-708.8029355290593
-1180.3090833340043	-708.8029355290593
-1171.0675213950456	-708.8029355290593
-1161.8259594560868	-708.8029355290593
-1152.584397517128	-708.8029355290593
-1143.3428355781696	-708.8029355290593
-1134.1012736392108	-708.8029355290593
-1124.859711700252	-708.8029355290593
-1115.6181497612934	-708.8029355290593
-1106.3765878223346	-708.8029355290593
-1097.1350258833759	-708.8029355290593
-1087.8934639444171	-718.044497468018
-1078.6519020054586	-727.2860594069767
-1069.4103400664999	-727.2860594069767
-1060.1687781275411	-736.5276213459354
-1050.9272161885824	-745.7691832848941
-1041.6856542496237	-745.7691832848941
-1032.444092310665	-755.0107452238528
-1023.2025303717063	-755.0107452238528
-1013.9609684327476	-764.2523071628115
-1004.7194064937888	-764.2523071628115
-995.4778445548302	-773.4938691017702
-986.2362826158715	-773.4938691017702
-976.9947206769127	-773.4938691017702
-967.753158737954	-773.4938691017702
-958.5115967989954	-782.7354310407289
-949.2700348600366	-782.7354310407289
-940.0284729210779	-791.9769929796877
-930.7869109821193	-791.9769929796877
-921.5453490431605	-801.2185549186463
-912.3037871042018	-810.460116857605
-903.062225165243	-819.7016787965638
-893.8206632262844	-828.9432407355224
-893.8206632262844	-838.1848026744811
-884.5791012873257	-847.4263646134399
-875.3375393483669	-856.6679265523986
-866.0959774094083	-865.9094884913573
-856.8544154704496	-875.151050430316
-847.6128535314908	-875.151050430316
-838.3712915925321	-884.3926123692747
-829.1297296535735	-893.6341743082335
-819.8881677146147	-902.8757362471921
-810.646605775656	-912.1172981861508
-801.4050438366972	-921.3588601251096
-792.1634818977386	-930.6004220640682
-792.1634818977386	-939.8419840030269
-782.9219199587799	-949.0835459419857
-773.6803580198211	-958.3251078809444
-773.6803580198211	-967.566669819903
-764.4387960808625	-976.8082317588618
-755.1972341419038	-986.0497936978205
-745.955672202945	-986.0497936978205
-736.7141102639863	-995.2913556367791
-727.4725483250277	-1004.5329175757379
-718.2309863860689	-1013.7744795146966
-718.2309863860689	-1023.0160414536554
-708.9894244471102	-1032.257603392614
-699.7478625081516	-1041.4991653315728
-699.7478625081516	-1050.7407272705314
-690.5063005691928	-1059.98228920949
-690.5063005691928	-1069.2238511484488
-681.2647386302341	-1078.4654130874076
-672.0231766912754	-1078.4654130874076
-662.7816147523167	-1087.7069750263663
-653.540052813358	-1096.948536965325
-644.2984908743992	-1106.1900989042838
-635.0569289354406	-1115.4316608432423
-625.8153669964819	-1124.673222782201
-625.8153669964819	-1133.9147847211598
-616.5738050575231	-1133.9147847211598
-607.3322431185644	-1143.1563466601185
-598.0906811796058	-1152.3979085990773
-588.849119240647	-1161.639470538036
-579.6075573016883	-1170.8810324769947
-570.3659953627297	-1180.1225944159532
-561.1244334237709	-1180.1225944159532
-551.8828714848122	-1189.364156354912
-542.6413095458535	-1198.6057182938707
-533.3997476068948	-1207.8472802328295
-524.1581856679361	-1207.8472802328295
-514.9166237289774	-1217.0888421717882
-505.6750617900187	-1217.0888421717882
-496.43349985106	-1226.330404110747
-487.19193791210125	-1226.330404110747
-477.95037597314257	-1235.5719660497057
-468.70881403418383	-1235.5719660497057
-459.46725209522515	-1244.8135279886642
-450.2256901562664	-1254.055089927623
-440.9841282173077	-1254.055089927623
-431.742566278349	-1254.055089927623
-422.5010043393903	-1263.2966518665817
-413.2594424004316	-1263.2966518665817
-404.0178804614729	-1272.5382138055404
-394.7763185225142	-1272.5382138055404
-385.53475658355546	-1281.7797757444991
-376.2931946445968	-1291.021337683458
-367.05163270563804	-1291.021337683458
-357.81007076667936	-1300.2628996224166
-348.5685088277207	-1309.5044615613751
-339.32694688876194	-1318.7460235003339
-330.08538494980326	-1327.9875854392926
-320.8438230108445	-1327.9875854392926
-311.60226107188583	-1337.2291473782514
-302.3606991329271	-1346.47070931721
-293.1191371939684	-1346.47070931721
-283.8775752550097	-1355.7122712561688
-274.636013316051	-1364.9538331951276
-265.3944513770923	-1374.195395134086
-256.15288943813357	-1383.4369570730448
-246.91132749917486	-1383.4369570730448
-237.66976556021618	-1392.6785190120036
-228.42820362125747	-1392.6785190120036
-219.18664168229876	-1392.6785190120036
-209.94507974334005	-1392.6785190120036
-200.70351780438133	-1392.6785190120036
-191.46195586542262	-1401.9200809509623
-182.2203939264639	-1401.9200809509623
-172.9788319875052	-1401.9200809509623
-163.73727004854652	-1401.9200809509623
-154.4957081095878	-1411.161642889921
-145.2541461706291	-1411.161642889921
-136.0125842316704	-1411.161642889921
-126.77102229271168	-1420.4032048288798
-117.52946035375297	-1420.4032048288798
-108.28789841479427	-1420.4032048288798
-99.04633647583556	-1420.4032048288798
-89.80477453687685	-1420.4032048288798
-80.56321259791814	-1420.4032048288798
-71.32165065895944	-1420.4032048288798
-62.08008872000073	-1420.4032048288798
-52.83852678104202	-1420.4032048288798
-43.59696484208332	-1420.4032048288798
-34.355402903124606	-1420.4032048288798
-25.1138409641659	-1420.4032048288798
-15.872279025207192	-1429.6447667678385
-6.6307170862484845	-1429.6447667678385
2.6108448527102226	-1429.6447667678385
11.85240679166893	-1429.6447667678385
21.093968730627637	-1429.6447667678385
30.335530669586344	-1429.6447667678385
39.57709260854505	-1429.6447667678385
48.818654547503755	-1429.6447667678385
58.060216486462465	-1420.4032048288798
67.30177842542118	-1420.4032048288798
76.54334036437987	-1420.4032048288798
85.78490230333858	-1420.4032048288798
95.0264642422973	-1411.161642889921
104.268026181256	-1411.161642889921
113.5095881202147	-1401.9200809509623
122.75115005917341	-1401.9200809509623
131.9927119981321	-1392.6785190120036
141.23427393709082	-1392.6785190120036
150.47583587604953	-1383.4369570730448
159.71739781500824	-1383.4369570730448
168.95895975396695	-1374.195395134086
178.20052169292566	-1374.195395134086
187.44208363188437	-1364.9538331951276
196.68364557084308	-1355.7122712561688
205.92520750980177	-1355.7122712561688
215.16676944876048	-1346.47070931721
224.4083313877192	-1337.2291473782514
233.6498933266779	-1337.2291473782514
242.8914552656366	-1337.2291473782514
252.13301720459532	-1327.9875854392926
261.374579143554	-1327.9875854392926
270.61614108251274	-1327.9875854392926
279.8577030214714	-1327.9875854392926
289.09926496043016	-1327.9875854392926
298.34082689938884	-1318.7460235003339
307.5823888383476	-1318.7460235003339
316.82395077730627	-1309.5044615613751
326.06551271626495	-1309.5044615613751
335.3070746552237	-1309.5044615613751
344.54863659418237	-1300.2628996224166
353.7901985331411	-1300.2628996224166
363.0317604720998	-1300.2628996224166
372.27332241105853	-1291.021337683458
381.5148843500172	-1291.021337683458
390.7564462889759	-1291.021337683458
399.99800822793463	-1281.7797757444991
409.2395701668933	-1281.7797757444991
418.48113210585205	-1281.7797757444991
427.72269404481074	-1281.7797757444991
436.9642559837695	-1291.021337683458
446.20581792272816	-1291.021337683458
455.4473798616869	-1291.021337683458
464.6889418006456	-1291.021337683458
473.93050373960426	-1291.021337683458
483.172065678563	-1291.021337683458
492.4136276175217	-1291.021337683458
501.6551895564804	-1291.021337683458
510.8967514954391	-1291.021337683458
520.1383134343978	-1281.7797757444991
529.3798753733565	-1281.7797757444991
538.6214373123153	-1281.7797757444991
547.8629992512739	-1272.5382138055404
557.1045611902326	-1272.5382138055404
566.3461231291914	-1263.2966518665817
575.5876850681501	-1263.2966518665817
584.8292470071087	-1254.055089927623
594.0708089460675	-1244.8135279886642
603.3123708850262	-1244.8135279886642
612.5539328239848	-1235.5719660497057
621.7954947629436	-1226.330404110747
631.0370567019023	-1226.330404110747
640.278618640861	-1226.330404110747
649.5201805798197	-1217.0888421717882
658.7617425187784	-1217.0888421717882
668.0033044577372	-1217.0888421717882
677.2448663966959	-1226.330404110747
686.4864283356545	-1226.330404110747
695.7279902746133	-1226.330404110747
704.969552213572	-1226.330404110747
714.2111141525306	-1235.5719660497057
723.4526760914894	-1235.5719660497057
732.6942380304481	-1235.5719660497057
741.9357999694068	-1244.8135279886642
751.1773619083655	-1244.8135279886642
760.4189238473242	-1244.8135279886642
769.660485786283	-1244.8135279886642
778.9020477252416	-1244.8135279886642
788.1436096642003	-1244.8135279886642
797.385171603159	-1244.8135279886642
806.6267335421178	-1235.5719660497057
815.8682954810764	-1235.5719660497057
825.1098574200352	-1235.5719660497057
834.3514193589939	-1226.330404110747
843.5929812979525	-1226.330404110747
852.8345432369113	-1217.0888421717882
862.07610517587	-1207.8472802328295
862.07610517587	-1198.6057182938707
871.3176671148287	-1189.364156354912
880.5592290537874	-1180.1225944159532
889.8007909927461	-1170.8810324769947
899.0423529317048	-1170.8810324769947
908.2839148706635	-1170.8810324769947
917.5254768096222	-1161.639470538036
926.767038748581	-1161.639470538036
936.0086006875397	-1152.3979085990773
945.2501626264983	-1152.3979085990773
954.491724565457	-1143.1563466601185
954.491724565457	-1133.9147847211598
963.7332865044158	-1124.673222782201
972.9748484433745	-1115.4316608432423
982.2164103823332	-1106.1900989042838
991.4579723212919	-1106.1900989042838
1000.6995342602506	-1096.948536965325
1009.9410961992093	-1096.948536965325
1019.182658138168	-1087.7069750263663
1028.4242200771266	-1078.4654130874076
1037.6657820160854	-1069.2238511484488
1046.907343955044	-1059.98228920949
1046.907343955044	-1050.7407272705314
1056.1489058940028	-1041.4991653315728
1065.3904678329616	-1032.257603392614
1074.6320297719203	-1023.0160414536554
1074.6320297719203	-1013.7744795146966
1083.873591710879	-1004.5329175757379
1093.1151536498376	-995.2913556367791
1102.3567155887963	-995.2913556367791
1111.598277527755	-986.0497936978205
1111.598277527755	-976.8082317588618
1111.598277527755	-967.566669819903
1111.598277527755	-958.3251078809444
1111.598277527755	-949.0835459419857
1120.8398394667138	-939.8419840030269
1120.8398394667138	-930.6004220640682
1120.8398394667138	-921.3588601251096
1120.8398394667138	-912.1172981861508
1130.0814014056725	-902.8757362471921
1130.0814014056725	-893.6341743082335
1139.3229633446313	-884.3926123692747
1148.56452528359	-875.151050430316
1157.8060872225485	-865.9094884913573
1167.0476491615073	-856.6679265523986
1176.289211100466	-847.4263646134399
1176.289211100466	-838.1848026744811
1176.289211100466	-828.9432407355224
1185.5307730394247	-819.7016787965638
1185.5307730394247	-810.460116857605
1185.5307730394247	-801.2185549186463
1194.7723349783835	-791.9769929796877
1194.7723349783835	-782.7354310407289
1194.7723349783835	-773.4938691017702
1194.7723349783835	-764.2523071628115
1194.7723349783835	-755.0107452238528
1194.7723349783835	-745.7691832848941
1194.7723349783835	-736.5276213459354
1194.7723349783835	-727.2860594069767
1204.0138969173422	-718.044497468018
1204.0138969173422	-708.8029355290593
1204.0138969173422	-699.5613735901005
1213.255458856301	-690.3198116511419
1213.255458856301	-681.0782497121832
1213.255458856301	-671.8366877732244
1213.255458856301	-662.5951258342658
1222.4970207952595	-653.353563895307
1222.4970207952595	-644.1120019563483
1222.4970207952595	-634.8704400173896
1222.4970207952595	-625.628878078431
1222.4970207952595	-616.3873161394722
1231.7385827342182	-607.1457542005135
1240.980144673177	-597.9041922615548
1240.980144673177	-588.6626303225961
1250.2217066121357	-579.4210683836374
1259.4632685510944	-579.4210683836374
1268.7048304900532	-570.1795064446786
1268.7048304900532	-560.93794450572
1277.946392429012	-551.6963825667613
1287.1879543679704	-542.4548206278025
1296.4295163069291	-542.4548206278025
1305.6710782458879	-533.2132586888438
1305.6710782458879	-523.9716967498852
1314.9126401848466	-514.7301348109264
1324.1542021238054	-505.48857287196773
1324.1542021238054	-496.247010933009
1333.395764062764	-487.0054489940503
1342.6373260017228	-477.7638870550916
1342.6373260017228	-468.5223251161329
1351.8788879406814	-459.28076317717415
1351.8788879406814	-450.03920123821547
1351.8788879406814	-440.7976392992568
1361.12044987964	-431.55607736029805
1361.12044987964	-422.31451542133937
1361.12044987964	-413.0729534823806
1361.12044987964	-403.83139154342194
1370.3620118185988	-394.5898296044632
1370.3620118185988	-385.3482676655045
1370.3620118185988	-376.10670572654584
1379.6035737575576	-366.8651437875871
1379.6035737575576	-357.6235818486284
1379.6035737575576	-348.3820199096697
1379.6035737575576	-339.140457970711
1379.6035737575576	-329.89889603175226
1379.6035737575576	-320.6573340927936
1379.6035737575576	-311.41577215383484
1379.6035737575576	-302.17421021487615
1379.6035737575576	-292.9326482759175
1388.8451356965163	-283.69108633695873
1388.8451356965163	-274.44952439800005
1388.8451356965163	-265.2079624590413
1379.6035737575576	-255.96640052008263
1379.6035737575576	-246.72483858112392
1379.6035737575576	-237.4832766421652
1379.6035737575576	-228.2417147032065
1370.3620118185988	-219.0001527642478
1370.3620118185988	-209.75859082528908
1370.3620118185988	-200.51702888633037
1361.12044987964	-191.27546694737168
1370.3620118185988	-182.03390500841297
1370.3620118185988	-172.79234306945426
1379.6035737575576	-163.55078113049555
1379.6035737575576	-154.30921919153684
1379.6035737575576	-145.06765725257813
1388.8451356965163	-135.82609531361942
1388.8451356965163	-126.58453337466072
1388.8451356965163	-117.34297143570201
1398.086697635475	-108.1014094967433
1398.086697635475	-98.8598475577846
1398.086697635475	-89.6182856188259
1407.3282595744338	-80.37672367986718
1407.3282595744338	-71.13516174090847
1407.3282595744338	-61.89359980194977
1416.5698215133925	-52.652037862991065
1416.5698215133925	-43.410475924032355
1425.811383452351	-34.16891398507365
1425.811383452351	-24.927352046114944
1435.0529453913098	-15.685790107156237
1435.0529453913098	-6.4442281681975295
1444.2945073302685	2.797333770761178
1444.2945073302685	12.038895709719885
1435.0529453913098	21.280457648678592
1435.0529453913098	30.5220195876373
1435.0529453913098	39.763581526596006
1425.811383452351	49.00514346555472
1425.811383452351	58.24670540451342
1416.5698215133925	67.48826734347213
1416.5698215133925	76.72982928243084
1416.5698215133925	85.97139122138954
1407.3282595744338	95.21295316034825
1407.3282595744338	104.45451509930696
1407.3282595744338	113.69607703826567
1407.3282595744338	122.93763897722437
1398.086697635475	132.17920091618308
1398.086697635475	141.4207628551418
1398.086697635475	150.6623247941005
1398.086697635475	159.9038867330592
1388.8451356965163	169.14544867201792
1388.8451356965163	178.3870106109766
1379.6035737575576	187.6285725499353
1379.6035737575576	196.87013448889402
1370.3620118185988	206.11169642785273
1361.12044987964	215.35325836681145
1351.8788879406814	224.59482030577016
1351.8788879406814	233.83638224472887
1342.6373260017228	243.07794418368758
1342.6373260017228	252.31950612264626
1342.6373260017228	261.561068061605
1333.395764062764	270.8026300005637
1333.395764062764	280.0441919395224
1333.395764062764	289.2857538784811
1333.395764062764	298.5273158174398
1333.395764062764	307.7688777563985
1324.1542021238054	317.0104396953572
1324.1542021238054	326.25200163431595
1324.1542021238054	335.4935635732746
1314.9126401848466	344.73512551223337
1314.9126401848466	353.97668745119205
1314.9126401848466	363.21824939015073
1305.6710782458879	372.45981132910947
1305.6710782458879	381.70137326806815
1296.4295163069291	390.9429352070269
1296.4295163069291	400.1844971459856
1296.4295163069291	409.4260590849443
1287.1879543679704	418.667621023903
1287.1879543679704	427.90918296286173
1287.1879543679704	437.1507449018204
1287.1879543679704	446.3923068407791
1277.946392429012	455.63386877973784
1277.946392429012	464.8754307186965
1268.7048304900532	474.11699265765526
1268.7048304900532	483.35855459661394
1268.7048304900532	492.6001165355727
1268.7048304900532	501.84167847453136
1268.7048304900532	511.08324041349005
1259.4632685510944	520.3248023524487
1259.4632685510944	529.5663642914075
1259.4632685510944	538.8079262303662
1259.4632685510944	548.049488169325
1259.4632685510944	557.2910501082836
1268.7048304900532	566.5326120472423
1259.4632685510944	575.774173986201
1259.4632685510944	585.0157359251597
1259.4632685510944	594.2572978641184
1259.4632685510944	603.4988598030772
1250.2217066121357	612.7404217420359
1250.2217066121357	621.9819836809945
1250.2217066121357	631.2235456199533
1240.980144673177	640.465107558912
1240.980144673177	649.7066694978707
1240.980144673177	658.9482314368294
1231.7385827342182	668.1897933757881
1231.7385827342182	677.4313553147468
1222.4970207952595	686.6729172537055
1222.4970207952595	695.9144791926642
1213.255458856301	705.1560411316229
1204.0138969173422	714.3976030705817
1194.7723349783835	723.6391650095403
1185.5307730394247	732.880726948499
1176.289211100466	742.1222888874578
1167.0476491615073	751.3638508264164
1157.8060872225485	760.6054127653751
1148.56452528359	769.8469747043339
1139.3229633446313	779.0885366432926
1130.0814014056725	779.0885366432926
1120.8398394667138	788.3300985822513
1111.598277527755	788.3300985822513
1102.3567155887963	797.57166052121
1093.1151536498376	797.57166052121
1083.873591710879	797.57166052121
1074.6320297719203	806.8132224601687
1065.3904678329616	816.0547843991274
1056.1489058940028	825.2963463380861
1046.907343955044	834.5379082770448
1046.907343955044	843.7794702160036
1046.907343955044	853.0210321549622
1037.6657820160854	862.2625940939209
1028.4242200771266	871.5041560328797
1028.4242200771266	880.7457179718383
1019.182658138168	889.987279910797
1009.9410961992093	899.2288418497558
1000.6995342602506	899.2288418497558
991.4579723212919	908.4704037887145
982.2164103823332	917.7119657276731
972.9748484433745	926.9535276666319
963.7332865044158	936.1950896055906
954.491724565457	945.4366515445494
945.2501626264983	954.678213483508
936.0086006875397	963.9197754224667
926.767038748581	973.1613373614255
917.5254768096222	973.1613373614255
908.2839148706635	982.4028993003841
899.0423529317048	982.4028993003841
889.8007909927461	991.6444612393428
889.8007909927461	1000.8860231783016
889.8007909927461	1010.1275851172603
880.5592290537874	1019.3691470562189
880.5592290537874	1028.6107089951777
871.3176671148287	1037.8522709341364
862.07610517587	1047.0938328730952
852.8345432369113	1056.335394812054
843.5929812979525	1056.335394812054
834.3514193589939	1065.5769567510124
825.1098574200352	1065.5769567510124
815.8682954810764	1065.5769567510124
806.6267335421178	1065.5769567510124
797.385171603159	1074.8185186899711
788.1436096642003	1084.0600806289299
778.9020477252416	1084.0600806289299
769.660485786283	1084.0600806289299
760.4189238473242	1093.3016425678886
751.1773619083655	1102.5432045068474
741.9357999694068	1102.5432045068474
732.6942380304481	1111.784766445806
723.4526760914894	1121.0263283847648
714.2111141525306	1130.2678903237233
704.969552213572	1130.2678903237233
695.7279902746133	1130.2678903237233
686.4864283356545	1130.2678903237233
677.2448663966959	1139.509452262682
668.0033044577372	1139.509452262682
658.7617425187784	1148.7510142016408
649.5201805798197	1148.7510142016408
640.278618640861	1157.9925761405996
631.0370567019023	1157.9925761405996
621.7954947629436	1167.2341380795583
612.5539328239848	1167.2341380795583
603.3123708850262	1176.475700018517
594.0708089460675	1185.7172619574758
584.8292470071087	1194.9588238964343
575.5876850681501	1194.9588238964343
566.3461231291914	1204.200385835393
557.1045611902326	1204.200385835393
547.8629992512739	1213.4419477743518
538.6214373123153	1213.4419477743518
529.3798753733565	1213.4419477743518
520.1383134343978	1222.6835097133105
510.8967514954391	1213.4419477743518
501.6551895564804	1213.4419477743518
492.4136276175217	1213.4419477743518
483.172065678563	1213.4419477743518
473.93050373960426	1213.4419477743518
464.6889418006456	1213.4419477743518
455.4473798616869	1213.4419477743518
446.20581792272816	1213.4419477743518
436.9642559837695	1222.6835097133105
427.72269404481074	1222.6835097133105
418.48113210585205	1222.6835097133105
409.2395701668933	1231.9250716522693
399.99800822793463	1231.9250716522693
390.7564462889759	1231.9250716522693
381.5148843500172	1231.9250716522693
372.27332241105853	1241.166633591228
363.0317604720998	1241.166633591228
353.7901985331411	1250.4081955301867
344.54863659418237	1259.6497574691452
335.3070746552237	1259.6497574691452
326.06551271626495	1268.891319408104
316.82395077730627	1268.891319408104
307.5823888383476	1268.891319408104
298.34082689938884	1278.1328813470627
289.09926496043016	1287.3744432860215
279.8577030214714	1296.6160052249802
270.61614108251274	1296.6160052249802
261.374579143554	1305.857567163939
252.13301720459532	1305.857567163939
242.8914552656366	1305.857567163939
233.6498933266779	1305.857567163939
224.4083313877192	1315.0991291028977
215.16676944876048	1315.0991291028977
205.92520750980177	1324.3406910418562
196.68364557084308	1333.582252980815
187.44208363188437	1333.582252980815
178.20052169292566	1333.582252980815
168.95895975396695	1342.8238149197737
159.71739781500824	1342.8238149197737
150.47583587604953	1342.8238149197737
141.23427393709082	1342.8238149197737
131.9927119981321	1342.8238149197737
122.75115005917341	1342.8238149197737
113.5095881202147	1342.8238149197737
104.268026181256	1342.8238149197737
95.0264642422973	1342.8238149197737
85.78490230333858	1342.8238149197737
76.54334036437987	1352.0653768587324
67.30177842542118	1352.0653768587324
58.060216486462465	1342.8238149197737
48.818654547503755	1342.8238149197737
39.57709260854505	1342.8238149197737
30.335530669586344	1342.8238149197737
21.093968730627637	1342.8238149197737
11.85240679166893	1342.8238149197737
2.6108448527102226	1342.8238149197737
-6.6307170862484845	1352.0653768587324
-15.872279025207192	1352.0653768587324
-25.1138409641659	1361.3069387976911
-34.355402903124606	1361.3069387976911
-43.59696484208332	1361.3069387976911
-52.83852678104202	1370.5485007366499
-62.08008872000073	1370.5485007366499
-71.32165065895944	1370.5485007366499
-80.56321259791814	1370.5485007366499
-89.80477453687685	1370.5485007366499
-99.04633647583556	1370.5485007366499
-108.28789841479427	1370.5485007366499
-117.52946035375297	1379.7900626756086
-126.77102229271168	1379.7900626756086
-136.0125842316704	1379.7900626756086
-145.2541461706291	1379.7900626756086
-154.4957081095878	1379.7900626756086
-163.73727004854652	1379.7900626756086
-172.9788319875052	1379.7900626756086
-182.2203939264639	1370.5485007366499
