# particle morphology
# using file: 02-05X-H.png
#
#x/µm	y/µm
327.0399820846527	1365.8162632083504
316.8574474311873	1365.8162632083504
306.674912777722	1355.633728554885
296.4923781242567	1345.4511939014196
286.3098434707913	1345.4511939014196
276.12730881732597	1335.2686592479542
265.9447741638606	1335.2686592479542
255.76223951039526	1325.0861245944889
245.5797048569299	1325.0861245944889
235.39717020346458	1314.9035899410235
225.21463554999923	1314.9035899410235
215.03210089653388	1304.7210552875583
215.03210089653388	1294.538520634093
204.84956624306852	1284.3559859806276
194.6670315896032	1274.1734513271622
184.48449693613784	1263.9909166736968
174.3019622826725	1253.8083820202314
164.11942762920714	1243.6258473667663
164.11942762920714	1233.4433127133009
153.9368929757418	1223.2607780598355
153.9368929757418	1213.0782434063701
143.75435832227646	1202.8957087529047
133.5718236688111	1192.7131740994394
133.5718236688111	1182.530639445974
123.38928901534577	1172.3481047925088
113.20675436188041	1162.1655701390434
103.02421970841507	1151.983035485578
103.02421970841507	1141.8005008321127
103.02421970841507	1131.6179661786473
92.84168505494972	1121.435431525182
82.65915040148438	1111.2528968717168
72.47661574801903	1101.0703622182514
62.29408109455369	1090.887827564786
52.11154644108834	1080.7052929113206
41.929011787623	1070.5227582578552
31.74647713415765	1070.5227582578552
21.563942480692305	1060.3402236043898
11.381407827226957	1050.1576889509247
1.1988731737616107	1050.1576889509247
1.1988731737616107	1039.9751542974593
-8.983661479703736	1029.792619643994
-19.16619613316908	1019.6100849905285
-29.348730786634427	1009.4275503370632
-39.53126544009977	999.2450156835979
-49.71380009356512	989.0624810301325
-59.896334747030465	978.8799463766671
-70.07886940049582	978.8799463766671
-80.26140405396116	978.8799463766671
-90.44393870742651	968.6974117232019
-90.44393870742651	958.5148770697365
-90.44393870742651	948.3323424162711
-100.62647336089185	938.1498077628057
-110.8090080143572	927.9672731093405
-120.99154266782254	917.7847384558751
-131.17407732128788	917.7847384558751
-141.35661197475324	917.7847384558751
-151.5391466282186	917.7847384558751
-161.72168128168394	907.6022038024097
-171.90421593514927	897.4196691489444
-182.08675058861462	897.4196691489444
-192.26928524207997	887.237134495479
-202.45181989554533	887.237134495479
-212.63435454901065	887.237134495479
-222.816889202476	897.4196691489444
-232.99942385594136	887.237134495479
-243.1819585094067	887.237134495479
-253.36449316287204	887.237134495479
-263.5470278163374	887.237134495479
-273.7295624698027	877.0545998420137
-283.9120971232681	877.0545998420137
-294.0946317767334	866.8720651885484
-304.2771664301988	866.8720651885484
-314.45970108366413	856.689530535083
-324.64223573712945	856.689530535083
-334.82477039059484	846.5069958816176
-345.00730504406016	836.3244612281524
-355.1898396975255	836.3244612281524
-365.37237435099087	826.141926574687
-375.5549090044562	826.141926574687
-385.7374436579216	815.9593919212216
-395.9199783113869	815.9593919212216
-406.1025129648522	815.9593919212216
-416.2850476183176	815.9593919212216
-426.46758227178293	805.7768572677563
-436.65011692524826	805.7768572677563
-446.83265157871364	795.594322614291
-457.01518623217896	795.594322614291
-467.19772088564434	785.4117879608256
-477.38025553910967	775.2292533073602
-487.562790192575	775.2292533073602
-497.7453248460404	765.0467186538949
-507.9278594995057	765.0467186538949
-518.110394152971	765.0467186538949
-528.2929288064364	754.8641840004295
-538.4754634599018	754.8641840004295
-548.6579981133671	744.6816493469642
-558.8405327668324	734.4991146934989
-569.0230674202978	734.4991146934989
-579.2056020737631	724.3165800400335
-589.3881367272285	724.3165800400335
-599.5706713806939	724.3165800400335
-609.7532060341591	714.1340453865681
-619.9357406876245	714.1340453865681
-630.1182753410899	703.9515107331029
-640.3008099945552	703.9515107331029
-650.4833446480205	703.9515107331029
-660.6658793014859	693.7689760796375
-670.8484139549513	693.7689760796375
-681.0309486084166	693.7689760796375
-691.213483261882	683.5864414261721
-701.3960179153473	683.5864414261721
-711.5785525688126	683.5864414261721
-721.761087222278	683.5864414261721
-731.9436218757434	683.5864414261721
-742.1261565292086	673.4039067727068
-752.308691182674	673.4039067727068
-762.4912258361394	663.2213721192414
-772.6737604896047	663.2213721192414
-782.85629514307	653.038837465776
-793.0388297965354	653.038837465776
-803.2213644500007	653.038837465776
-813.4038991034661	642.8563028123108
-823.5864337569315	642.8563028123108
-833.7689684103968	642.8563028123108
-843.9515030638621	642.8563028123108
-854.1340377173275	642.8563028123108
-864.3165723707929	642.8563028123108
-874.4991070242581	632.6737681588454
-884.6816416777235	632.6737681588454
-894.8641763311889	632.6737681588454
-905.0467109846542	632.6737681588454
-915.2292456381196	632.6737681588454
-925.4117802915849	622.49123350538
-935.5943149450502	622.49123350538
-945.7768495985156	622.49123350538
-955.959384251981	622.49123350538
-966.1419189054462	622.49123350538
-976.3244535589116	612.3086988519146
-986.506988212377	612.3086988519146
-996.6895228658424	612.3086988519146
-1006.8720575193076	612.3086988519146
-1017.054592172773	612.3086988519146
-1027.2371268262384	622.49123350538
-1037.4196614797038	622.49123350538
-1047.602196133169	632.6737681588454
-1057.7847307866343	632.6737681588454
-1067.9672654400997	642.8563028123108
-1078.149800093565	642.8563028123108
-1088.3323347470305	642.8563028123108
-1098.5148694004959	653.038837465776
-1108.6974040539612	653.038837465776
-1118.8799387074264	653.038837465776
-1129.0624733608918	653.038837465776
-1139.2450080143572	653.038837465776
-1149.4275426678225	653.038837465776
-1159.610077321288	663.2213721192414
-1169.7926119747533	663.2213721192414
-1179.9751466282185	663.2213721192414
-1190.1576812816838	663.2213721192414
-1200.3402159351492	663.2213721192414
-1210.5227505886146	673.4039067727068
-1220.70528524208	673.4039067727068
-1230.8878198955454	673.4039067727068
-1241.0703545490107	673.4039067727068
-1251.252889202476	673.4039067727068
-1261.4354238559413	673.4039067727068
-1271.6179585094067	673.4039067727068
-1281.800493162872	673.4039067727068
-1291.9830278163374	673.4039067727068
-1302.1655624698028	673.4039067727068
-1312.348097123268	673.4039067727068
-1322.5306317767333	683.5864414261721
-1332.7131664301987	683.5864414261721
-1342.895701083664	683.5864414261721
-1353.0782357371295	683.5864414261721
-1363.2607703905949	683.5864414261721
-1373.44330504406	693.7689760796375
-1383.6258396975254	693.7689760796375
-1393.8083743509908	693.7689760796375
-1403.9909090044562	693.7689760796375
-1414.1734436579216	693.7689760796375
-1424.355978311387	693.7689760796375
-1434.5385129648523	693.7689760796375
-1444.7210476183175	693.7689760796375
-1454.9035822717829	703.9515107331029
-1465.0861169252482	703.9515107331029
-1475.2686515787136	703.9515107331029
-1485.451186232179	703.9515107331029
-1495.6337208856444	703.9515107331029
-1505.8162555391095	703.9515107331029
-1515.998790192575	703.9515107331029
-1526.1813248460403	703.9515107331029
-1536.3638594995057	693.7689760796375
-1546.546394152971	693.7689760796375
-1556.7289288064364	693.7689760796375
-1566.9114634599018	693.7689760796375
-1577.093998113367	683.5864414261721
-1587.2765327668324	683.5864414261721
-1597.4590674202977	683.5864414261721
-1607.6416020737631	683.5864414261721
-1617.8241367272285	683.5864414261721
-1628.006671380694	673.4039067727068
-1638.189206034159	673.4039067727068
-1648.3717406876244	673.4039067727068
-1658.5542753410898	673.4039067727068
-1668.7368099945552	673.4039067727068
-1678.9193446480206	673.4039067727068
-1689.101879301486	673.4039067727068
-1699.284413954951	673.4039067727068
-1709.4669486084165	673.4039067727068
-1719.6494832618819	673.4039067727068
-1729.8320179153473	673.4039067727068
-1740.0145525688126	663.2213721192414
-1750.197087222278	663.2213721192414
-1760.3796218757434	663.2213721192414
-1770.5621565292086	653.038837465776
-1780.744691182674	653.038837465776
-1790.9272258361393	653.038837465776
-1801.1097604896047	642.8563028123108
-1811.29229514307	642.8563028123108
-1821.4748297965355	632.6737681588454
-1831.6573644500006	632.6737681588454
-1841.839899103466	632.6737681588454
-1852.0224337569314	632.6737681588454
-1862.2049684103968	632.6737681588454
-1872.3875030638621	632.6737681588454
-1882.5700377173275	632.6737681588454
-1892.752572370793	632.6737681588454
-1902.935107024258	632.6737681588454
-1913.1176416777234	622.49123350538
-1923.3001763311888	622.49123350538
-1933.4827109846542	612.3086988519146
-1943.6652456381196	612.3086988519146
-1953.847780291585	602.1261641984494
-1964.0303149450501	591.943629544984
-1974.2128495985155	581.7610948915186
-1984.3953842519809	581.7610948915186
-1994.5779189054463	581.7610948915186
-2004.7604535589116	571.5785602380533
-2014.942988212377	571.5785602380533
-2025.1255228658422	561.396025584588
-2035.3080575193076	561.396025584588
-2045.490592172773	551.2134909311226
-2055.6731268262383	541.0309562776573
-2065.8556614797035	530.8484216241919
-2076.038196133169	530.8484216241919
-2086.2207307866342	520.6658869707265
-2096.4032654401	520.6658869707265
-2106.585800093565	520.6658869707265
-2116.7683347470306	510.4833523172612
-2126.950869400496	510.4833523172612
-2137.133404053961	500.3008176637959
-2147.3159387074265	490.1182830103305
-2157.4984733608917	479.9357483568652
-2167.6810080143573	469.75321370339987
-2177.8635426678225	459.5706790499345
-2177.8635426678225	449.38814439646916
-2188.0460773212876	439.20560974300383
-2188.0460773212876	429.02307508953845
-2198.228611974753	418.8405404360731
-2198.228611974753	408.65800578260775
-2198.228611974753	398.4754711291424
-2198.228611974753	388.2929364756771
-2198.228611974753	378.1104018222117
-2198.228611974753	367.9278671687464
-2208.4111466282184	357.74533251528106
-2208.4111466282184	347.5627978618157
-2208.4111466282184	337.38026320835036
-2218.593681281684	327.197728554885
-2218.593681281684	317.01519390141965
-2218.593681281684	306.8326592479543
-2218.593681281684	296.65012459448894
-2228.776215935149	286.4675899410236
-2228.776215935149	276.2850552875583
-2228.776215935149	266.1025206340929
-2228.776215935149	255.9199859806276
-2228.776215935149	245.73745132716223
-2228.776215935149	235.55491667369688
-2228.776215935149	225.37238202023153
-2238.9587505886147	215.1898473667662
-2238.9587505886147	205.00731271330085
-2238.9587505886147	194.8247780598355
-2238.9587505886147	184.64224340637014
-2238.9587505886147	174.45970875290482
-2238.9587505886147	164.27717409943946
-2238.9587505886147	154.0946394459741
-2249.14128524208	143.91210479250876
-2249.14128524208	133.72957013904343
-2249.14128524208	123.54703548557808
-2238.9587505886147	113.36450083211272
-2238.9587505886147	103.18196617864739
-2238.9587505886147	92.99943152518203
-2249.14128524208	82.8168968717167
-2249.14128524208	72.63436221825134
-2249.14128524208	62.451827564785994
-2249.14128524208	52.26929291132065
-2249.14128524208	42.0867582578553
-2259.323819895545	31.90422360438996
-2259.323819895545	21.721688950924612
-2259.323819895545	11.539154297459266
-2259.323819895545	1.3566196439939195
-2259.323819895545	-8.825915009471426
-2269.5063545490107	-19.008449662936773
-2269.5063545490107	-29.19098431640212
-2269.5063545490107	-39.37351896986747
-2269.5063545490107	-49.556053623332815
-2269.5063545490107	-59.73858827679816
-2269.5063545490107	-69.92112293026351
-2269.5063545490107	-80.10365758372885
-2269.5063545490107	-90.2861922371942
-2279.688889202476	-100.46872689065954
-2279.688889202476	-110.65126154412489
-2279.688889202476	-120.83379619759023
-2279.688889202476	-131.01633085105559
-2279.688889202476	-141.19886550452094
-2279.688889202476	-151.38140015798626
-2279.688889202476	-161.56393481145162
-2289.8714238559414	-171.74646946491697
-2289.8714238559414	-181.92900411838232
-2289.8714238559414	-192.11153877184765
-2289.8714238559414	-202.294073425313
-2289.8714238559414	-212.47660807877836
-2289.8714238559414	-222.6591427322437
-2300.0539585094066	-232.84167738570903
-2300.0539585094066	-243.0242120391744
-2300.0539585094066	-253.20674669263974
-2300.0539585094066	-263.38928134610507
-2300.0539585094066	-273.57181599957045
-2300.0539585094066	-283.7543506530358
-2300.0539585094066	-293.9368853065011
-2300.0539585094066	-304.1194199599665
-2300.0539585094066	-314.3019546134318
-2300.0539585094066	-324.4844892668972
-2300.0539585094066	-334.6670239203625
-2300.0539585094066	-344.84955857382784
-2300.0539585094066	-355.0320932272932
-2300.0539585094066	-365.21462788075854
-2300.0539585094066	-375.39716253422387
-2300.0539585094066	-385.57969718768925
-2300.0539585094066	-395.7622318411546
-2289.8714238559414	-405.94476649461996
-2289.8714238559414	-416.1273011480853
-2289.8714238559414	-426.3098358015506
-2289.8714238559414	-436.492370455016
-2289.8714238559414	-446.6749051084813
-2300.0539585094066	-456.85743976194664
-2300.0539585094066	-467.039974415412
-2310.236493162872	-477.22250906887734
-2320.4190278163373	-487.4050437223427
-2320.4190278163373	-497.58757837580805
-2330.6015624698025	-507.7701130292734
-2330.6015624698025	-517.9526476827388
-2330.6015624698025	-528.1351823362041
-2330.6015624698025	-538.3177169896694
-2330.6015624698025	-548.5002516431348
-2330.6015624698025	-558.6827862966002
-2340.784097123268	-568.8653209500654
-2340.784097123268	-579.0478556035308
-2340.784097123268	-589.2303902569962
-2340.784097123268	-599.4129249104615
-2340.784097123268	-609.5954595639269
-2340.784097123268	-619.7779942173922
-2340.784097123268	-629.9605288708575
-2340.784097123268	-640.1430635243229
-2340.784097123268	-650.3255981777883
-2340.784097123268	-660.5081328312535
-2340.784097123268	-670.6906674847189
-2340.784097123268	-680.8732021381843
-2340.784097123268	-691.0557367916497
-2340.784097123268	-701.238271445115
-2340.784097123268	-711.4208060985803
-2350.9666317767333	-721.6033407520457
-2350.9666317767333	-731.785875405511
-2350.9666317767333	-741.9684100589764
-2361.149166430199	-752.1509447124417
-2361.149166430199	-762.333479365907
-2361.149166430199	-772.5160140193724
-2361.149166430199	-782.6985486728378
-2361.149166430199	-792.881083326303
-2361.149166430199	-803.0636179797684
-2361.149166430199	-813.2461526332338
-2361.149166430199	-823.4286872866991
-2361.149166430199	-833.6112219401645
-2361.149166430199	-843.7937565936298
-2361.149166430199	-853.9762912470952
-2361.149166430199	-864.1588259005605
-2361.149166430199	-874.3413605540259
-2361.149166430199	-884.5238952074913
-2350.9666317767333	-894.7064298609565
-2350.9666317767333	-904.8889645144219
-2350.9666317767333	-915.0714991678873
-2350.9666317767333	-925.2540338213526
-2350.9666317767333	-935.4365684748179
-2350.9666317767333	-945.6191031282833
-2350.9666317767333	-955.8016377817486
-2350.9666317767333	-965.984172435214
-2350.9666317767333	-976.1667070886793
-2350.9666317767333	-986.3492417421446
-2350.9666317767333	-996.53177639561
-2350.9666317767333	-1006.7143110490754
-2350.9666317767333	-1016.8968457025408
-2350.9666317767333	-1027.0793803560061
-2350.9666317767333	-1037.2619150094713
-2350.9666317767333	-1047.4444496629367
-2350.9666317767333	-1057.626984316402
-2350.9666317767333	-1067.8095189698674
-2350.9666317767333	-1077.9920536233328
-2340.784097123268	-1088.1745882767982
-2340.784097123268	-1098.3571229302636
-2340.784097123268	-1108.5396575837287
-2350.9666317767333	-1118.7221922371941
-2350.9666317767333	-1128.9047268906595
-2350.9666317767333	-1139.0872615441249
-2350.9666317767333	-1149.2697961975903
-2350.9666317767333	-1159.4523308510556
-2340.784097123268	-1169.6348655045208
-2340.784097123268	-1179.8174001579862
-2340.784097123268	-1189.9999348114516
-2330.6015624698025	-1200.182469464917
-2330.6015624698025	-1210.3650041183823
-2330.6015624698025	-1220.5475387718477
-2330.6015624698025	-1230.7300734253129
-2330.6015624698025	-1240.9126080787782
-2330.6015624698025	-1251.0951427322436
-2330.6015624698025	-1261.277677385709
-2330.6015624698025	-1271.4602120391744
-2330.6015624698025	-1281.6427466926398
-2330.6015624698025	-1291.8252813461052
-2320.4190278163373	-1302.0078159995703
-2320.4190278163373	-1312.1903506530357
-2320.4190278163373	-1322.372885306501
-2310.236493162872	-1332.5554199599665
-2310.236493162872	-1342.7379546134318
-2310.236493162872	-1352.9204892668972
-2300.0539585094066	-1363.1030239203624
-2300.0539585094066	-1373.2855585738278
-2300.0539585094066	-1383.4680932272931
-2289.8714238559414	-1393.6506278807585
-2289.8714238559414	-1403.833162534224
-2279.688889202476	-1414.0156971876893
-2279.688889202476	-1424.1982318411547
-2279.688889202476	-1434.3807664946198
-2269.5063545490107	-1444.5633011480852
-2269.5063545490107	-1454.7458358015506
-2269.5063545490107	-1464.928370455016
-2259.323819895545	-1475.1109051084813
-2249.14128524208	-1485.2934397619467
-2249.14128524208	-1495.4759744154119
-2238.9587505886147	-1505.6585090688773
-2228.776215935149	-1515.8410437223426
-2218.593681281684	-1515.8410437223426
-2208.4111466282184	-1526.023578375808
-2198.228611974753	-1536.2061130292734
-2188.0460773212876	-1546.3886476827388
-2177.8635426678225	-1556.571182336204
-2167.6810080143573	-1566.7537169896693
-2157.4984733608917	-1566.7537169896693
-2147.3159387074265	-1576.9362516431347
-2137.133404053961	-1576.9362516431347
-2126.950869400496	-1587.1187862966
-2116.7683347470306	-1587.1187862966
-2106.585800093565	-1597.3013209500655
-2096.4032654401	-1597.3013209500655
-2086.2207307866342	-1597.3013209500655
-2076.038196133169	-1607.4838556035309
-2065.8556614797035	-1607.4838556035309
-2055.6731268262383	-1607.4838556035309
-2045.490592172773	-1617.6663902569962
-2035.3080575193076	-1617.6663902569962
-2025.1255228658422	-1617.6663902569962
-2014.942988212377	-1627.8489249104614
-2004.7604535589116	-1627.8489249104614
-1994.5779189054463	-1638.0314595639268
-1984.3953842519809	-1638.0314595639268
-1974.2128495985155	-1627.8489249104614
-1964.0303149450501	-1627.8489249104614
-1953.847780291585	-1627.8489249104614
-1943.6652456381196	-1627.8489249104614
-1933.4827109846542	-1638.0314595639268
-1923.3001763311888	-1638.0314595639268
-1913.1176416777234	-1638.0314595639268
-1902.935107024258	-1638.0314595639268
-1892.752572370793	-1638.0314595639268
-1882.5700377173275	-1638.0314595639268
-1872.3875030638621	-1638.0314595639268
-1862.2049684103968	-1638.0314595639268
-1852.0224337569314	-1638.0314595639268
-1841.839899103466	-1638.0314595639268
-1831.6573644500006	-1638.0314595639268
-1821.4748297965355	-1638.0314595639268
-1811.29229514307	-1638.0314595639268
-1801.1097604896047	-1638.0314595639268
-1790.9272258361393	-1627.8489249104614
-1780.744691182674	-1627.8489249104614
-1770.5621565292086	-1627.8489249104614
-1760.3796218757434	-1627.8489249104614
-1750.197087222278	-1617.6663902569962
-1740.0145525688126	-1617.6663902569962
-1729.8320179153473	-1617.6663902569962
-1719.6494832618819	-1617.6663902569962
-1709.4669486084165	-1607.4838556035309
-1699.284413954951	-1607.4838556035309
-1689.101879301486	-1607.4838556035309
-1678.9193446480206	-1597.3013209500655
-1668.7368099945552	-1597.3013209500655
-1658.5542753410898	-1587.1187862966
-1648.3717406876244	-1587.1187862966
-1638.189206034159	-1576.9362516431347
-1628.006671380694	-1566.7537169896693
-1617.8241367272285	-1566.7537169896693
-1607.6416020737631	-1556.571182336204
-1597.4590674202977	-1556.571182336204
-1597.4590674202977	-1546.3886476827388
-1587.2765327668324	-1536.2061130292734
-1577.093998113367	-1536.2061130292734
-1566.9114634599018	-1526.023578375808
-1556.7289288064364	-1526.023578375808
-1546.546394152971	-1515.8410437223426
-1536.3638594995057	-1515.8410437223426
-1526.1813248460403	-1505.6585090688773
-1515.998790192575	-1505.6585090688773
-1505.8162555391095	-1505.6585090688773
-1495.6337208856444	-1495.4759744154119
-1485.451186232179	-1495.4759744154119
-1475.2686515787136	-1485.2934397619467
-1465.0861169252482	-1475.1109051084813
-1454.9035822717829	-1475.1109051084813
-1444.7210476183175	-1475.1109051084813
-1434.5385129648523	-1464.928370455016
-1424.355978311387	-1464.928370455016
-1414.1734436579216	-1464.928370455016
-1403.9909090044562	-1454.7458358015506
-1393.8083743509908	-1444.5633011480852
-1383.6258396975254	-1444.5633011480852
-1373.44330504406	-1444.5633011480852
-1363.2607703905949	-1434.3807664946198
-1353.0782357371295	-1434.3807664946198
-1342.895701083664	-1424.1982318411547
-1332.7131664301987	-1424.1982318411547
-1322.5306317767333	-1414.0156971876893
-1312.348097123268	-1414.0156971876893
-1302.1655624698028	-1403.833162534224
-1291.9830278163374	-1414.0156971876893
-1281.800493162872	-1414.0156971876893
-1271.6179585094067	-1414.0156971876893
-1261.4354238559413	-1403.833162534224
-1251.252889202476	-1403.833162534224
-1241.0703545490107	-1403.833162534224
-1230.8878198955454	-1393.6506278807585
-1220.70528524208	-1393.6506278807585
-1210.5227505886146	-1393.6506278807585
-1200.3402159351492	-1393.6506278807585
-1190.1576812816838	-1383.4680932272931
-1179.9751466282185	-1383.4680932272931
-1169.7926119747533	-1383.4680932272931
-1159.610077321288	-1373.2855585738278
-1149.4275426678225	-1373.2855585738278
-1139.2450080143572	-1373.2855585738278
-1129.0624733608918	-1363.1030239203624
-1118.8799387074264	-1363.1030239203624
-1108.6974040539612	-1363.1030239203624
-1098.5148694004959	-1363.1030239203624
-1088.3323347470305	-1363.1030239203624
-1078.149800093565	-1352.9204892668972
-1067.9672654400997	-1352.9204892668972
-1057.7847307866343	-1352.9204892668972
-1047.602196133169	-1342.7379546134318
-1037.4196614797038	-1342.7379546134318
-1027.2371268262384	-1332.5554199599665
-1017.054592172773	-1332.5554199599665
-1006.8720575193076	-1322.372885306501
-996.6895228658424	-1322.372885306501
-986.506988212377	-1322.372885306501
-976.3244535589116	-1322.372885306501
-966.1419189054462	-1312.1903506530357
-955.959384251981	-1312.1903506530357
-945.7768495985156	-1312.1903506530357
-935.5943149450502	-1312.1903506530357
-925.4117802915849	-1312.1903506530357
-915.2292456381196	-1312.1903506530357
-905.0467109846542	-1312.1903506530357
-894.8641763311889	-1302.0078159995703
-884.6816416777235	-1302.0078159995703
-874.4991070242581	-1302.0078159995703
-864.3165723707929	-1291.8252813461052
-854.1340377173275	-1291.8252813461052
-843.9515030638621	-1291.8252813461052
-833.7689684103968	-1281.6427466926398
-823.5864337569315	-1281.6427466926398
-813.4038991034661	-1281.6427466926398
-803.2213644500007	-1281.6427466926398
-793.0388297965354	-1281.6427466926398
-782.85629514307	-1281.6427466926398
-772.6737604896047	-1281.6427466926398
-762.4912258361394	-1281.6427466926398
-752.308691182674	-1281.6427466926398
-742.1261565292086	-1281.6427466926398
-731.9436218757434	-1281.6427466926398
-721.761087222278	-1271.4602120391744
-711.5785525688126	-1271.4602120391744
-701.3960179153473	-1271.4602120391744
-691.213483261882	-1271.4602120391744
-681.0309486084166	-1271.4602120391744
-670.8484139549513	-1271.4602120391744
-660.6658793014859	-1271.4602120391744
-650.4833446480205	-1271.4602120391744
-640.3008099945552	-1271.4602120391744
-630.1182753410899	-1271.4602120391744
-619.9357406876245	-1271.4602120391744
-609.7532060341591	-1271.4602120391744
-599.5706713806939	-1271.4602120391744
-589.3881367272285	-1271.4602120391744
-579.2056020737631	-1271.4602120391744
-569.0230674202978	-1261.277677385709
-558.8405327668324	-1261.277677385709
-548.6579981133671	-1261.277677385709
-538.4754634599018	-1261.277677385709
-528.2929288064364	-1261.277677385709
-518.110394152971	-1261.277677385709
-507.9278594995057	-1261.277677385709
-497.7453248460404	-1261.277677385709
-487.562790192575	-1261.277677385709
-477.38025553910967	-1261.277677385709
-467.19772088564434	-1261.277677385709
-457.01518623217896	-1261.277677385709
-446.83265157871364	-1261.277677385709
-436.65011692524826	-1261.277677385709
-426.46758227178293	-1261.277677385709
-416.2850476183176	-1261.277677385709
-406.1025129648522	-1261.277677385709
-395.9199783113869	-1261.277677385709
-385.7374436579216	-1261.277677385709
-375.5549090044562	-1261.277677385709
-365.37237435099087	-1261.277677385709
-355.1898396975255	-1261.277677385709
-345.00730504406016	-1261.277677385709
-334.82477039059484	-1261.277677385709
-324.64223573712945	-1261.277677385709
-314.45970108366413	-1261.277677385709
-304.2771664301988	-1261.277677385709
-294.0946317767334	-1261.277677385709
-283.9120971232681	-1261.277677385709
-273.7295624698027	-1261.277677385709
-263.5470278163374	-1271.4602120391744
-253.36449316287204	-1271.4602120391744
-243.1819585094067	-1271.4602120391744
-232.99942385594136	-1281.6427466926398
-222.816889202476	-1281.6427466926398
-212.63435454901065	-1281.6427466926398
-202.45181989554533	-1281.6427466926398
-192.26928524207997	-1281.6427466926398
-182.08675058861462	-1281.6427466926398
-171.90421593514927	-1281.6427466926398
-161.72168128168394	-1281.6427466926398
-151.5391466282186	-1281.6427466926398
-141.35661197475324	-1281.6427466926398
-131.17407732128788	-1281.6427466926398
-120.99154266782254	-1281.6427466926398
-110.8090080143572	-1281.6427466926398
-100.62647336089185	-1281.6427466926398
-90.44393870742651	-1291.8252813461052
-80.26140405396116	-1291.8252813461052
-70.07886940049582	-1291.8252813461052
-59.896334747030465	-1291.8252813461052
-49.71380009356512	-1291.8252813461052
-39.53126544009977	-1291.8252813461052
-29.348730786634427	-1291.8252813461052
-19.16619613316908	-1302.0078159995703
-8.983661479703736	-1302.0078159995703
1.1988731737616107	-1312.1903506530357
11.381407827226957	-1312.1903506530357
21.563942480692305	-1312.1903506530357
31.74647713415765	-1322.372885306501
41.929011787623	-1322.372885306501
52.11154644108834	-1322.372885306501
62.29408109455369	-1322.372885306501
72.47661574801903	-1322.372885306501
82.65915040148438	-1332.5554199599665
92.84168505494972	-1332.5554199599665
103.02421970841507	-1342.7379546134318
113.20675436188041	-1342.7379546134318
123.38928901534577	-1342.7379546134318
133.5718236688111	-1352.9204892668972
143.75435832227646	-1352.9204892668972
153.9368929757418	-1352.9204892668972
164.11942762920714	-1352.9204892668972
174.3019622826725	-1352.9204892668972
184.48449693613784	-1352.9204892668972
194.6670315896032	-1352.9204892668972
204.84956624306852	-1352.9204892668972
215.03210089653388	-1352.9204892668972
225.21463554999923	-1352.9204892668972
235.39717020346458	-1352.9204892668972
245.5797048569299	-1352.9204892668972
255.76223951039526	-1352.9204892668972
265.9447741638606	-1352.9204892668972
276.12730881732597	-1352.9204892668972
286.3098434707913	-1352.9204892668972
296.4923781242567	-1352.9204892668972
306.674912777722	-1352.9204892668972
316.8574474311873	-1352.9204892668972
327.0399820846527	-1342.7379546134318
337.22251673811803	-1342.7379546134318
347.40505139158336	-1342.7379546134318
357.58758604504874	-1342.7379546134318
367.77012069851406	-1332.5554199599665
377.95265535197944	-1332.5554199599665
388.13519000544477	-1332.5554199599665
398.3177246589101	-1332.5554199599665
408.5002593123755	-1332.5554199599665
418.6827939658408	-1332.5554199599665
428.8653286193061	-1332.5554199599665
439.0478632727715	-1332.5554199599665
449.23039792623683	-1332.5554199599665
459.4129325797022	-1332.5554199599665
469.59546723316754	-1332.5554199599665
479.77800188663286	-1332.5554199599665
489.96053654009825	-1332.5554199599665
500.14307119356357	-1332.5554199599665
510.3256058470289	-1332.5554199599665
520.5081405004943	-1332.5554199599665
530.6906751539597	-1332.5554199599665
540.8732098074249	-1332.5554199599665
551.0557444608903	-1332.5554199599665
561.2382791143557	-1322.372885306501
571.420813767821	-1322.372885306501
581.6033484212863	-1322.372885306501
591.7858830747517	-1312.1903506530357
601.968417728217	-1312.1903506530357
612.1509523816824	-1302.0078159995703
622.3334870351478	-1302.0078159995703
632.516021688613	-1302.0078159995703
642.6985563420784	-1291.8252813461052
652.8810909955438	-1291.8252813461052
663.0636256490092	-1291.8252813461052
673.2461603024744	-1291.8252813461052
683.4286949559398	-1291.8252813461052
693.6112296094052	-1291.8252813461052
703.7937642628705	-1291.8252813461052
713.9762989163358	-1302.0078159995703
724.1588335698012	-1302.0078159995703
734.3413682232665	-1302.0078159995703
744.5239028767319	-1302.0078159995703
754.7064375301973	-1302.0078159995703
764.8889721836625	-1302.0078159995703
775.0715068371279	-1302.0078159995703
785.2540414905933	-1291.8252813461052
795.4365761440586	-1291.8252813461052
805.619110797524	-1291.8252813461052
815.8016454509893	-1291.8252813461052
825.9841801044547	-1302.0078159995703
836.16671475792	-1291.8252813461052
846.3492494113854	-1291.8252813461052
856.5317840648507	-1291.8252813461052
866.714318718316	-1291.8252813461052
876.8968533717814	-1291.8252813461052
887.0793880252468	-1291.8252813461052
897.261922678712	-1281.6427466926398
907.4444573321774	-1281.6427466926398
917.6269919856428	-1281.6427466926398
927.8095266391081	-1281.6427466926398
937.9920612925735	-1281.6427466926398
948.1745959460388	-1281.6427466926398
958.3571305995041	-1271.4602120391744
968.5396652529695	-1271.4602120391744
978.7221999064349	-1271.4602120391744
988.9047345599002	-1271.4602120391744
999.0872692133655	-1271.4602120391744
1009.2698038668309	-1261.277677385709
1019.4523385202963	-1261.277677385709
1029.6348731737617	-1251.0951427322436
1039.8174078272268	-1251.0951427322436
1049.9999424806922	-1251.0951427322436
1060.1824771341576	-1251.0951427322436
1070.365011787623	-1251.0951427322436
1080.5475464410883	-1251.0951427322436
1090.7300810945537	-1251.0951427322436
1100.912615748019	-1251.0951427322436
1111.0951504014843	-1240.9126080787782
1121.2776850549496	-1240.9126080787782
1131.460219708415	-1240.9126080787782
1141.6427543618804	-1240.9126080787782
1151.8252890153458	-1240.9126080787782
1162.0078236688112	-1230.7300734253129
1172.1903583222763	-1230.7300734253129
1182.3728929757417	-1230.7300734253129
1192.555427629207	-1220.5475387718477
1202.7379622826725	-1220.5475387718477
1212.9204969361379	-1210.3650041183823
1223.1030315896032	-1210.3650041183823
1233.2855662430686	-1210.3650041183823
1243.4681008965338	-1210.3650041183823
1253.6506355499992	-1210.3650041183823
1263.8331702034645	-1210.3650041183823
1274.01570485693	-1200.182469464917
1284.1982395103953	-1200.182469464917
1294.3807741638607	-1200.182469464917
1304.5633088173258	-1189.9999348114516
1314.7458434707912	-1189.9999348114516
1324.9283781242566	-1189.9999348114516
1335.110912777722	-1179.8174001579862
1345.2934474311874	-1179.8174001579862
1355.4759820846527	-1179.8174001579862
1365.658516738118	-1179.8174001579862
1375.8410513915833	-1179.8174001579862
1386.0235860450487	-1169.6348655045208
1396.206120698514	-1169.6348655045208
1406.3886553519794	-1169.6348655045208
1416.5711900054448	-1169.6348655045208
1426.7537246589102	-1159.4523308510556
1436.9362593123753	-1159.4523308510556
1447.1187939658407	-1149.2697961975903
1457.301328619306	-1149.2697961975903
1467.4838632727715	-1149.2697961975903
1477.6663979262369	-1139.0872615441249
1487.8489325797023	-1128.9047268906595
1498.0314672331674	-1118.7221922371941
1508.2140018866328	-1118.7221922371941
1518.3965365400982	-1108.5396575837287
1528.5790711935635	-1108.5396575837287
1538.761605847029	-1098.3571229302636
1548.9441405004943	-1098.3571229302636
1559.1266751539597	-1088.1745882767982
1569.3092098074248	-1088.1745882767982
1579.4917444608902	-1077.9920536233328
1589.6742791143556	-1077.9920536233328
1599.856813767821	-1077.9920536233328
1610.0393484212864	-1067.8095189698674
1620.2218830747518	-1067.8095189698674
1630.404417728217	-1067.8095189698674
1640.5869523816823	-1067.8095189698674
1650.7694870351477	-1057.626984316402
1660.952021688613	-1057.626984316402
1671.1345563420784	-1047.4444496629367
1681.3170909955438	-1047.4444496629367
1691.499625649009	-1037.2619150094713
1691.499625649009	-1027.0793803560061
1701.6821603024744	-1016.8968457025408
1701.6821603024744	-1006.7143110490754
1711.8646949559397	-996.53177639561
1711.8646949559397	-986.3492417421446
1722.0472296094051	-976.1667070886793
1722.0472296094051	-965.984172435214
1732.2297642628705	-955.8016377817486
1742.4122989163359	-945.6191031282833
1752.5948335698013	-935.4365684748179
1752.5948335698013	-925.2540338213526
1762.7773682232664	-915.0714991678873
1772.9599028767318	-904.8889645144219
1783.1424375301972	-904.8889645144219
1783.1424375301972	-894.7064298609565
1793.3249721836626	-884.5238952074913
1793.3249721836626	-874.3413605540259
1803.507506837128	-864.1588259005605
1803.507506837128	-853.9762912470952
1813.6900414905933	-843.7937565936298
1813.6900414905933	-833.6112219401645
1823.8725761440585	-823.4286872866991
1823.8725761440585	-813.2461526332338
1823.8725761440585	-803.0636179797684
1823.8725761440585	-792.881083326303
1823.8725761440585	-782.6985486728378
1834.0551107975239	-772.5160140193724
1834.0551107975239	-762.333479365907
1834.0551107975239	-752.1509447124417
1834.0551107975239	-741.9684100589764
1834.0551107975239	-731.785875405511
1844.2376454509892	-721.6033407520457
1844.2376454509892	-711.4208060985803
1854.4201801044546	-701.238271445115
1854.4201801044546	-691.0557367916497
1854.4201801044546	-680.8732021381843
1864.60271475792	-670.6906674847189
1864.60271475792	-660.5081328312535
1864.60271475792	-650.3255981777883
1864.60271475792	-640.1430635243229
1864.60271475792	-629.9605288708575
1874.7852494113854	-619.7779942173922
1874.7852494113854	-609.5954595639269
1874.7852494113854	-599.4129249104615
1874.7852494113854	-589.2303902569962
1874.7852494113854	-579.0478556035308
1874.7852494113854	-568.8653209500654
1874.7852494113854	-558.6827862966002
1874.7852494113854	-548.5002516431348
1874.7852494113854	-538.3177169896694
1874.7852494113854	-528.1351823362041
1874.7852494113854	-517.9526476827388
1864.60271475792	-507.7701130292734
1864.60271475792	-497.58757837580805
1864.60271475792	-487.4050437223427
1864.60271475792	-477.22250906887734
1864.60271475792	-467.039974415412
1864.60271475792	-456.85743976194664
1864.60271475792	-446.6749051084813
1874.7852494113854	-436.492370455016
1864.60271475792	-426.3098358015506
1864.60271475792	-416.1273011480853
1864.60271475792	-405.94476649461996
1864.60271475792	-395.7622318411546
1864.60271475792	-385.57969718768925
1864.60271475792	-375.39716253422387
1854.4201801044546	-365.21462788075854
1854.4201801044546	-355.0320932272932
1854.4201801044546	-344.84955857382784
1854.4201801044546	-334.6670239203625
1844.2376454509892	-324.4844892668972
1844.2376454509892	-314.3019546134318
1844.2376454509892	-304.1194199599665
1854.4201801044546	-293.9368853065011
1864.60271475792	-283.7543506530358
1864.60271475792	-273.57181599957045
1864.60271475792	-263.38928134610507
1874.7852494113854	-253.20674669263974
1874.7852494113854	-243.0242120391744
1884.9677840648508	-232.84167738570903
1884.9677840648508	-222.6591427322437
1895.150318718316	-212.47660807877836
1905.3328533717813	-202.294073425313
1915.5153880252467	-192.11153877184765
1925.697922678712	-181.92900411838232
1925.697922678712	-171.74646946491697
1925.697922678712	-161.56393481145162
1925.697922678712	-151.38140015798626
1915.5153880252467	-141.19886550452094
1915.5153880252467	-131.01633085105559
1905.3328533717813	-120.83379619759023
1905.3328533717813	-110.65126154412489
1905.3328533717813	-100.46872689065954
1895.150318718316	-90.2861922371942
1895.150318718316	-80.10365758372885
1895.150318718316	-69.92112293026351
1895.150318718316	-59.73858827679816
1895.150318718316	-49.556053623332815
1895.150318718316	-39.37351896986747
1895.150318718316	-29.19098431640212
1895.150318718316	-19.008449662936773
1895.150318718316	-8.825915009471426
1895.150318718316	1.3566196439939195
1895.150318718316	11.539154297459266
1895.150318718316	21.721688950924612
1895.150318718316	31.90422360438996
1895.150318718316	42.0867582578553
1895.150318718316	52.26929291132065
1905.3328533717813	62.451827564785994
1905.3328533717813	72.63436221825134
1905.3328533717813	82.8168968717167
1905.3328533717813	92.99943152518203
1905.3328533717813	103.18196617864739
1915.5153880252467	113.36450083211272
1915.5153880252467	123.54703548557808
1915.5153880252467	133.72957013904343
1915.5153880252467	143.91210479250876
1915.5153880252467	154.0946394459741
1925.697922678712	164.27717409943946
1935.8804573321775	174.45970875290482
1946.0629919856428	184.64224340637014
1946.0629919856428	194.8247780598355
1956.245526639108	205.00731271330085
1956.245526639108	215.1898473667662
1956.245526639108	225.37238202023153
1946.0629919856428	235.55491667369688
1946.0629919856428	245.73745132716223
1946.0629919856428	255.9199859806276
1946.0629919856428	266.1025206340929
1946.0629919856428	276.2850552875583
1946.0629919856428	286.4675899410236
1946.0629919856428	296.65012459448894
1946.0629919856428	306.8326592479543
1946.0629919856428	317.01519390141965
1946.0629919856428	327.197728554885
1956.245526639108	337.38026320835036
1966.4280612925734	347.5627978618157
1966.4280612925734	357.74533251528106
1976.6105959460388	367.9278671687464
1976.6105959460388	378.1104018222117
1976.6105959460388	388.2929364756771
1976.6105959460388	398.4754711291424
1976.6105959460388	408.65800578260775
1976.6105959460388	418.8405404360731
1976.6105959460388	429.02307508953845
1976.6105959460388	439.20560974300383
1966.4280612925734	449.38814439646916
1966.4280612925734	459.5706790499345
1966.4280612925734	469.75321370339987
1956.245526639108	479.9357483568652
1956.245526639108	490.1182830103305
1956.245526639108	500.3008176637959
1956.245526639108	510.4833523172612
1956.245526639108	520.6658869707265
1966.4280612925734	530.8484216241919
1966.4280612925734	541.0309562776573
1976.6105959460388	551.2134909311226
1976.6105959460388	561.396025584588
1986.7931305995041	571.5785602380533
1996.9756652529695	581.7610948915186
2007.158199906435	591.943629544984
2017.3407345599	591.943629544984
2017.3407345599	602.1261641984494
2027.5232692133654	612.3086988519146
2037.7058038668308	622.49123350538
2037.7058038668308	632.6737681588454
2047.8883385202962	642.8563028123108
2058.0708731737614	653.038837465776
2058.0708731737614	663.2213721192414
2068.253407827227	673.4039067727068
2078.435942480692	683.5864414261721
2078.435942480692	693.7689760796375
2088.6184771341577	703.9515107331029
2088.6184771341577	714.1340453865681
2098.801011787623	724.3165800400335
2098.801011787623	734.4991146934989
2108.9835464410885	744.6816493469642
2108.9835464410885	754.8641840004295
2119.1660810945536	765.0467186538949
2129.348615748019	775.2292533073602
2129.348615748019	785.4117879608256
2129.348615748019	795.594322614291
2129.348615748019	805.7768572677563
2139.5311504014844	815.9593919212216
2139.5311504014844	826.141926574687
2139.5311504014844	836.3244612281524
2139.5311504014844	846.5069958816176
2149.7136850549496	856.689530535083
2149.7136850549496	866.8720651885484
2159.896219708415	877.0545998420137
2159.896219708415	887.237134495479
2170.0787543618803	897.4196691489444
2170.0787543618803	907.6022038024097
2180.2612890153455	917.7847384558751
2180.2612890153455	927.9672731093405
2190.443823668811	938.1498077628057
2200.6263583222762	948.3323424162711
2210.808892975742	958.5148770697365
2220.991427629207	968.6974117232019
2231.1739622826726	978.8799463766671
2231.1739622826726	989.0624810301325
2241.356496936138	999.2450156835979
2251.539031589603	999.2450156835979
2261.7215662430685	1009.4275503370632
2271.9041008965337	1019.6100849905285
2282.0866355499993	1029.792619643994
2282.0866355499993	1039.9751542974593
2282.0866355499993	1050.1576889509247
2282.0866355499993	1060.3402236043898
2292.2691702034645	1070.5227582578552
2292.2691702034645	1080.7052929113206
2292.2691702034645	1090.887827564786
2292.2691702034645	1101.0703622182514
2302.45170485693	1111.2528968717168
2302.45170485693	1121.435431525182
2292.2691702034645	1131.6179661786473
2302.45170485693	1141.8005008321127
2302.45170485693	1151.983035485578
2302.45170485693	1162.1655701390434
2302.45170485693	1172.3481047925088
2302.45170485693	1182.530639445974
2302.45170485693	1192.7131740994394
2302.45170485693	1202.8957087529047
2302.45170485693	1213.0782434063701
2302.45170485693	1223.2607780598355
2302.45170485693	1233.4433127133009
2302.45170485693	1243.6258473667663
2302.45170485693	1253.8083820202314
2302.45170485693	1263.9909166736968
2302.45170485693	1274.1734513271622
2302.45170485693	1284.3559859806276
2302.45170485693	1294.538520634093
2292.2691702034645	1304.7210552875583
2292.2691702034645	1314.9035899410235
2292.2691702034645	1325.0861245944889
2292.2691702034645	1335.2686592479542
2292.2691702034645	1345.4511939014196
2282.0866355499993	1355.633728554885
2282.0866355499993	1365.8162632083504
2282.0866355499993	1375.9987978618158
2271.9041008965337	1386.181332515281
2271.9041008965337	1396.3638671687463
2271.9041008965337	1406.5464018222117
2261.7215662430685	1416.728936475677
2261.7215662430685	1426.9114711291425
2261.7215662430685	1437.0940057826078
2261.7215662430685	1447.276540436073
2251.539031589603	1457.4590750895384
2251.539031589603	1467.6416097430038
2251.539031589603	1477.8241443964691
2251.539031589603	1488.0066790499345
2251.539031589603	1498.1892137034
2251.539031589603	1508.371748356865
2251.539031589603	1518.5542830103304
2251.539031589603	1528.7368176637958
2251.539031589603	1538.9193523172612
2251.539031589603	1549.1018869707266
2251.539031589603	1559.284421624192
2241.356496936138	1569.4669562776573
2241.356496936138	1579.6494909311225
2241.356496936138	1589.8320255845879
2241.356496936138	1600.0145602380533
2231.1739622826726	1610.1970948915186
2220.991427629207	1620.379629544984
2210.808892975742	1630.5621641984494
2210.808892975742	1640.7446988519146
2200.6263583222762	1650.92723350538
2190.443823668811	1661.1097681588453
2190.443823668811	1671.2923028123107
2180.2612890153455	1681.474837465776
2170.0787543618803	1691.6573721192415
2159.896219708415	1701.8399067727069
2149.7136850549496	1712.022441426172
2139.5311504014844	1722.2049760796374
2129.348615748019	1722.2049760796374
2119.1660810945536	1732.3875107331028
2108.9835464410885	1742.5700453865682
2108.9835464410885	1752.7525800400335
2098.801011787623	1762.935114693499
2088.6184771341577	1773.117649346964
2078.435942480692	1773.117649346964
2068.253407827227	1783.3001840004295
2058.0708731737614	1793.4827186538948
2047.8883385202962	1803.6652533073602
2037.7058038668308	1803.6652533073602
2027.5232692133654	1813.8477879608256
2017.3407345599	1824.030322614291
2007.158199906435	1824.030322614291
1996.9756652529695	1834.2128572677561
1986.7931305995041	1844.3953919212215
1976.6105959460388	1854.577926574687
1966.4280612925734	1854.577926574687
1956.245526639108	1864.7604612281523
1946.0629919856428	1864.7604612281523
1935.8804573321775	1864.7604612281523
1925.697922678712	1864.7604612281523
1915.5153880252467	1874.9429958816177
1905.3328533717813	1874.9429958816177
1895.150318718316	1874.9429958816177
1884.9677840648508	1885.125530535083
1874.7852494113854	1885.125530535083
1864.60271475792	1885.125530535083
1854.4201801044546	1895.3080651885484
1844.2376454509892	1905.4905998420136
1834.0551107975239	1915.673134495479
1823.8725761440585	1925.8556691489443
1813.6900414905933	1936.0382038024097
1803.507506837128	1936.0382038024097
1793.3249721836626	1946.220738455875
1783.1424375301972	1946.220738455875
1772.9599028767318	1946.220738455875
1762.7773682232664	1956.4032731093405
1752.5948335698013	1956.4032731093405
1742.4122989163359	1956.4032731093405
1732.2297642628705	1956.4032731093405
1722.0472296094051	1956.4032731093405
1711.8646949559397	1956.4032731093405
1701.6821603024744	1966.5858077628056
1691.499625649009	1966.5858077628056
1681.3170909955438	1976.768342416271
1671.1345563420784	1976.768342416271
1660.952021688613	1986.9508770697364
1650.7694870351477	1997.1334117232018
1640.5869523816823	1997.1334117232018
1630.404417728217	1997.1334117232018
1620.2218830747518	1997.1334117232018
1610.0393484212864	1997.1334117232018
1599.856813767821	1997.1334117232018
1589.6742791143556	2007.3159463766672
1579.4917444608902	2007.3159463766672
1569.3092098074248	2007.3159463766672
1559.1266751539597	2007.3159463766672
1548.9441405004943	2007.3159463766672
1538.761605847029	2007.3159463766672
1528.5790711935635	2007.3159463766672
1518.3965365400982	2017.4984810301326
1508.2140018866328	2017.4984810301326
1498.0314672331674	2017.4984810301326
1487.8489325797023	2017.4984810301326
1477.6663979262369	2017.4984810301326
1467.4838632727715	2017.4984810301326
1457.301328619306	2027.681015683598
1447.1187939658407	2027.681015683598
1436.9362593123753	2027.681015683598
1426.7537246589102	2027.681015683598
1416.5711900054448	2027.681015683598
1406.3886553519794	2027.681015683598
1396.206120698514	2027.681015683598
1386.0235860450487	2027.681015683598
1375.8410513915833	2027.681015683598
1365.658516738118	2027.681015683598
1355.4759820846527	2027.681015683598
1345.2934474311874	2027.681015683598
1335.110912777722	2017.4984810301326
1324.9283781242566	2007.3159463766672
1314.7458434707912	1997.1334117232018
1304.5633088173258	1986.9508770697364
1294.3807741638607	1976.768342416271
1284.1982395103953	1976.768342416271
1274.01570485693	1976.768342416271
1263.8331702034645	1976.768342416271
1253.6506355499992	1976.768342416271
1243.4681008965338	1966.5858077628056
1233.2855662430686	1966.5858077628056
1223.1030315896032	1966.5858077628056
1212.9204969361379	1966.5858077628056
1202.7379622826725	1966.5858077628056
1192.555427629207	1956.4032731093405
1182.3728929757417	1946.220738455875
1172.1903583222763	1946.220738455875
1162.0078236688112	1946.220738455875
1151.8252890153458	1946.220738455875
1141.6427543618804	1946.220738455875
1131.460219708415	1946.220738455875
1121.2776850549496	1936.0382038024097
1111.0951504014843	1936.0382038024097
1100.912615748019	1936.0382038024097
1090.7300810945537	1925.8556691489443
1080.5475464410883	1925.8556691489443
1070.365011787623	1915.673134495479
1060.1824771341576	1905.4905998420136
1049.9999424806922	1905.4905998420136
1039.8174078272268	1895.3080651885484
1029.6348731737617	1895.3080651885484
1029.6348731737617	1885.125530535083
1019.4523385202963	1874.9429958816177
1009.2698038668309	1864.7604612281523
999.0872692133655	1864.7604612281523
988.9047345599002	1854.577926574687
978.7221999064349	1844.3953919212215
968.5396652529695	1834.2128572677561
958.3571305995041	1824.030322614291
958.3571305995041	1813.8477879608256
948.1745959460388	1803.6652533073602
937.9920612925735	1793.4827186538948
927.8095266391081	1783.3001840004295
917.6269919856428	1773.117649346964
907.4444573321774	1762.935114693499
897.261922678712	1752.7525800400335
897.261922678712	1742.5700453865682
887.0793880252468	1732.3875107331028
876.8968533717814	1722.2049760796374
866.714318718316	1722.2049760796374
856.5317840648507	1712.022441426172
846.3492494113854	1712.022441426172
836.16671475792	1712.022441426172
825.9841801044547	1701.8399067727069
815.8016454509893	1701.8399067727069
805.619110797524	1691.6573721192415
795.4365761440586	1681.474837465776
785.2540414905933	1681.474837465776
775.0715068371279	1671.2923028123107
764.8889721836625	1661.1097681588453
754.7064375301973	1650.92723350538
744.5239028767319	1640.7446988519146
734.3413682232665	1630.5621641984494
724.1588335698012	1620.379629544984
713.9762989163358	1610.1970948915186
703.7937642628705	1600.0145602380533
693.6112296094052	1589.8320255845879
683.4286949559398	1579.6494909311225
673.2461603024744	1569.4669562776573
663.0636256490092	1569.4669562776573
652.8810909955438	1559.284421624192
642.6985563420784	1549.1018869707266
632.516021688613	1549.1018869707266
622.3334870351478	1538.9193523172612
612.1509523816824	1528.7368176637958
601.968417728217	1518.5542830103304
591.7858830747517	1508.371748356865
581.6033484212863	1508.371748356865
571.420813767821	1498.1892137034
561.2382791143557	1488.0066790499345
551.0557444608903	1477.8241443964691
540.8732098074249	1467.6416097430038
530.6906751539597	1457.4590750895384
520.5081405004943	1447.276540436073
510.3256058470289	1447.276540436073
500.14307119356357	1437.0940057826078
489.96053654009825	1426.9114711291425
479.77800188663286	1426.9114711291425
469.59546723316754	1426.9114711291425
459.4129325797022	1416.728936475677
449.23039792623683	1416.728936475677
439.0478632727715	1416.728936475677
428.8653286193061	1416.728936475677
418.6827939658408	1406.5464018222117
408.5002593123755	1406.5464018222117
398.3177246589101	1406.5464018222117
388.13519000544477	1396.3638671687463
377.95265535197944	1386.181332515281
367.77012069851406	1386.181332515281
357.58758604504874	1375.9987978618158
347.40505139158336	1375.9987978618158
337.22251673811803	1375.9987978618158
