# particle morphology
# using file: 16-05X-H.png
#
#x/µm	y/µm
-588.379953658822	1419.683063772033
-597.6359859748005	1419.683063772033
-606.892018290779	1410.4270314560545
-616.1480506067575	1419.683063772033
-625.4040829227359	1419.683063772033
-634.6601152387144	1410.4270314560545
-643.9161475546928	1410.4270314560545
-653.1721798706712	1410.4270314560545
-662.4282121866497	1410.4270314560545
-671.6842445026282	1401.170999140076
-680.9402768186067	1401.170999140076
-690.1963091345851	1401.170999140076
-699.4523414505635	1391.9149668240975
-708.708373766542	1391.9149668240975
-717.9644060825204	1391.9149668240975
-727.2204383984989	1391.9149668240975
-736.4764707144774	1382.658934508119
-745.7325030304559	1382.658934508119
-754.9885353464343	1382.658934508119
-764.2445676624127	1382.658934508119
-773.5005999783912	1382.658934508119
-782.7566322943696	1382.658934508119
-792.0126646103481	1382.658934508119
-801.2686969263266	1382.658934508119
-810.524729242305	1382.658934508119
-819.7807615582834	1382.658934508119
-829.0367938742619	1382.658934508119
-838.2928261902404	1382.658934508119
-847.5488585062188	1382.658934508119
-856.8048908221973	1373.4029021921406
-866.0609231381758	1364.146869876162
-875.3169554541543	1364.146869876162
-875.3169554541543	1354.8908375601836
-884.5729877701326	1345.6348052442052
-884.5729877701326	1336.3787729282267
-893.8290200861111	1327.1227406122484
-903.0850524020896	1317.86670829627
-912.341084718068	1308.6106759802915
-921.5971170340465	1299.354643664313
-930.853149350025	1299.354643664313
-940.1091816660033	1290.0986113483345
-949.3652139819818	1280.842579032356
-958.6212462979603	1271.5865467163776
-967.8772786139388	1262.3305144003991
-977.1333109299172	1253.0744820844207
-986.3893432458957	1243.8184497684422
-995.6453755618741	1234.5624174524637
-1004.9014078778525	1225.3063851364852
-1014.157440193831	1216.0503528205068
-1023.4134725098095	1216.0503528205068
-1032.669504825788	1206.7943205045285
-1041.9255371417664	1206.7943205045285
-1051.181569457745	1197.53828818855
-1060.4376017737234	1188.2822558725716
-1069.6936340897018	1188.2822558725716
-1078.9496664056803	1179.026223556593
-1088.2056987216586	1179.026223556593
-1097.461731037637	1179.026223556593
-1106.7177633536155	1179.026223556593
-1115.973795669594	1188.2822558725716
-1125.2298279855725	1188.2822558725716
-1134.485860301551	1179.026223556593
-1143.7418926175294	1169.7701912406146
-1152.9979249335079	1160.5141589246361
-1152.9979249335079	1151.2581266086577
-1162.2539572494863	1142.0020942926792
-1162.2539572494863	1132.7460619767007
-1171.5099895654648	1123.4900296607223
-1171.5099895654648	1114.2339973447438
-1180.7660218814433	1104.9779650287653
-1190.0220541974218	1095.721932712787
-1190.0220541974218	1086.4659003968086
-1199.2780865134002	1077.2098680808301
-1208.5341188293785	1067.9538357648516
-1217.790151145357	1058.6978034488732
-1227.0461834613354	1049.4417711328947
-1236.302215777314	1040.1857388169162
-1245.5582480932924	1030.9297065009378
-1254.8142804092709	1030.9297065009378
-1264.0703127252493	1021.6736741849593
-1273.3263450412278	1021.6736741849593
-1282.5823773572063	1021.6736741849593
-1291.8384096731847	1012.4176418689808
-1301.0944419891632	1003.1616095530024
-1310.3504743051417	1003.1616095530024
-1319.6065066211202	993.905577237024
-1328.8625389370984	993.905577237024
-1338.1185712530769	984.6495449210455
-1347.3746035690554	984.6495449210455
-1356.6306358850338	984.6495449210455
-1365.8866682010123	975.393512605067
-1375.1427005169908	966.1374802890886
-1384.3987328329692	956.8814479731101
-1393.6547651489477	947.6254156571317
-1402.9107974649262	938.3693833411533
-1402.9107974649262	929.1133510251748
-1412.1668297809047	919.8573187091963
-1421.4228620968831	910.6012863932178
-1430.6788944128616	901.3452540772394
-1430.6788944128616	892.0892217612609
-1439.9349267288399	882.8331894452825
-1449.1909590448183	873.577157129304
-1458.4469913607968	864.3211248133256
-1458.4469913607968	855.0650924973471
-1467.7030236767753	845.8090601813686
-1476.9590559927537	836.5530278653902
-1476.9590559927537	827.2969955494118
-1476.9590559927537	818.0409632334333
-1486.2150883087322	808.7849309174549
-1486.2150883087322	799.5288986014764
-1486.2150883087322	790.2728662854979
-1495.4711206247107	781.0168339695194
-1504.7271529406892	771.760801653541
-1513.9831852566676	762.5047693375626
-1523.239217572646	753.2487370215841
-1532.4952498886246	753.2487370215841
-1541.751282204603	753.2487370215841
-1551.0073145205815	743.9927047056057
-1560.2633468365598	743.9927047056057
-1569.5193791525382	734.7366723896272
-1578.7754114685167	725.4806400736487
-1588.0314437844952	716.2246077576702
-1597.2874761004737	706.9685754416919
-1606.5435084164521	706.9685754416919
-1615.7995407324306	697.7125431257134
-1625.055573048409	697.7125431257134
-1634.3116053643876	688.4565108097349
-1643.567637680366	679.2004784937565
-1652.8236699963445	679.2004784937565
-1652.8236699963445	669.944446177778
-1662.079702312323	660.6884138617995
-1671.3357346283015	651.4323815458212
-1671.3357346283015	642.1763492298427
-1680.5917669442797	632.9203169138642
-1680.5917669442797	623.6642845978857
-1689.8477992602582	614.4082522819073
-1689.8477992602582	605.1522199659288
-1699.1038315762366	595.8961876499503
-1708.3598638922151	586.640155333972
-1717.6158962081936	577.3841230179935
-1726.871928524172	568.128090702015
-1736.1279608401505	558.8720583860365
-1745.383993156129	549.6160260700581
-1754.6400254721075	540.3599937540796
-1763.896057788086	531.1039614381012
-1773.1520901040644	521.8479291221228
-1782.408122420043	512.5918968061443
-1782.408122420043	503.3358644901658
-1791.6641547360214	494.07983217418735
-1800.9201870519996	484.82379985820893
-1810.176219367978	475.56776754223046
-1819.4322516839566	466.311735226252
-1828.688283999935	457.05570291027357
-1837.9443163159135	447.7996705942951
-1847.200348631892	438.5436382783166
-1856.4563809478705	429.2876059623382
-1865.712413263849	429.2876059623382
-1874.9684455798274	429.2876059623382
-1884.2244778958059	420.03157364635973
-1893.4805102117843	410.77554133038126
-1902.7365425277628	410.77554133038126
-1902.7365425277628	401.5195090144028
-1911.9925748437413	392.26347669842437
-1921.2486071597195	383.0074443824459
-1930.504639475698	383.0074443824459
-1939.7606717916765	373.7514120664674
-1949.016704107655	364.495379750489
-1958.2727364236334	355.23934743451053
-1967.528768739612	355.23934743451053
-1976.7848010555904	345.98331511853206
-1986.0408333715689	336.72728280255365
-1995.2968656875473	327.4712504865752
-2004.5528980035258	318.2152181705967
-2013.8089303195043	308.9591858546183
-2023.0649626354827	299.7031535386398
-2032.320994951461	290.44712122266134
-2041.5770272674395	281.1910889066829
-2050.833059583418	271.93505659070445
-2050.833059583418	262.679024274726
-2060.0890918993964	253.42299195874753
-2060.0890918993964	244.1669596427691
-2060.0890918993964	234.9109273267906
-2069.345124215375	225.65489501081217
-2069.345124215375	216.3988626948337
-2069.345124215375	207.14283037885525
-2069.345124215375	197.8867980628768
-2078.6011565313534	188.63076574689833
-2078.6011565313534	179.3747334309199
-2087.857188847332	170.11870111494144
-2087.857188847332	160.86266879896297
-2097.1132211633103	151.60663648298453
-2097.1132211633103	142.35060416700605
-2097.1132211633103	133.0945718510276
-2106.3692534792885	123.83853953504915
-2106.3692534792885	114.5825072190707
-2115.6252857952672	105.32647490309225
-2115.6252857952672	96.07044258711379
-2124.8813181112455	86.81441027113533
-2134.137350427224	77.55837795515689
-2134.137350427224	68.30234563917843
-2143.3933827432024	59.04631332319997
-2152.649415059181	49.790281007221516
-2161.9054473751594	40.53424869124306
-2171.161479691138	31.278216375264606
-2171.161479691138	22.02218405928615
-2180.4175120071163	12.766151743307693
-2180.4175120071163	3.510119427329238
-2189.673544323095	-5.745912888649217
-2189.673544323095	-15.001945204627672
-2198.9295766390733	-24.257977520606126
-2198.9295766390733	-33.514009836584584
-2198.9295766390733	-42.770042152563036
-2198.9295766390733	-52.026074468541495
-2198.9295766390733	-61.28210678451995
-2198.9295766390733	-70.5381391004984
-2198.9295766390733	-79.79417141647686
-2198.9295766390733	-89.05020373245532
-2198.9295766390733	-98.30623604843377
-2198.9295766390733	-107.56226836441222
-2189.673544323095	-116.81830068039068
-2189.673544323095	-126.07433299636914
-2180.4175120071163	-135.3303653123476
-2180.4175120071163	-144.58639762832604
-2171.161479691138	-153.8424299443045
-2171.161479691138	-163.09846226028296
-2180.4175120071163	-172.3544945762614
-2180.4175120071163	-181.61052689223987
-2180.4175120071163	-190.86655920821832
-2180.4175120071163	-200.12259152419676
-2180.4175120071163	-209.37862384017524
-2180.4175120071163	-218.63465615615368
-2180.4175120071163	-227.89068847213215
-2180.4175120071163	-237.1467207881106
-2171.161479691138	-246.40275310408904
-2171.161479691138	-255.65878542006752
-2171.161479691138	-264.91481773604596
-2171.161479691138	-274.17085005202443
-2180.4175120071163	-283.42688236800285
-2171.161479691138	-292.6829146839813
-2171.161479691138	-301.9389469999598
-2171.161479691138	-311.1949793159382
-2171.161479691138	-320.4510116319167
-2171.161479691138	-329.70704394789516
-2161.9054473751594	-338.96307626387363
-2161.9054473751594	-348.21910857985205
-2161.9054473751594	-357.4751408958305
-2152.649415059181	-366.731173211809
-2152.649415059181	-375.9872055277874
-2143.3933827432024	-385.2432378437659
-2143.3933827432024	-394.49927015974436
-2143.3933827432024	-403.7553024757228
-2143.3933827432024	-413.01133479170124
-2143.3933827432024	-422.2673671076797
-2143.3933827432024	-431.52339942365813
-2143.3933827432024	-440.7794317396366
-2143.3933827432024	-450.0354640556151
-2143.3933827432024	-459.2914963715935
-2143.3933827432024	-468.54752868757197
-2143.3933827432024	-477.80356100355044
-2143.3933827432024	-487.0595933195289
-2152.649415059181	-496.31562563550733
-2152.649415059181	-505.5716579514858
-2161.9054473751594	-514.8276902674643
-2161.9054473751594	-524.0837225834427
-2161.9054473751594	-533.3397548994211
-2161.9054473751594	-542.5957872153996
-2161.9054473751594	-551.851819531378
-2161.9054473751594	-561.1078518473565
-2161.9054473751594	-570.363884163335
-2161.9054473751594	-579.6199164793135
-2161.9054473751594	-588.875948795292
-2161.9054473751594	-598.1319811112703
-2161.9054473751594	-607.3880134272488
-2161.9054473751594	-616.6440457432273
-2152.649415059181	-625.9000780592057
-2152.649415059181	-635.1561103751842
-2152.649415059181	-644.4121426911627
-2143.3933827432024	-653.668175007141
-2143.3933827432024	-662.9242073231195
-2134.137350427224	-672.180239639098
-2134.137350427224	-681.4362719550764
-2124.8813181112455	-690.6923042710549
-2124.8813181112455	-699.9483365870334
-2124.8813181112455	-709.2043689030119
-2124.8813181112455	-718.4604012189902
-2115.6252857952672	-727.7164335349687
-2115.6252857952672	-736.9724658509472
-2115.6252857952672	-746.2284981669256
-2106.3692534792885	-755.4845304829041
-2106.3692534792885	-764.7405627988826
-2106.3692534792885	-773.996595114861
-2097.1132211633103	-783.2526274308394
-2097.1132211633103	-792.5086597468179
-2097.1132211633103	-801.7646920627964
-2087.857188847332	-811.0207243787748
-2087.857188847332	-820.2767566947533
-2087.857188847332	-829.5327890107317
-2087.857188847332	-838.7888213267101
-2078.6011565313534	-848.0448536426886
-2078.6011565313534	-857.3008859586671
-2069.345124215375	-866.5569182746456
-2069.345124215375	-875.812950590624
-2060.0890918993964	-885.0689829066025
-2060.0890918993964	-894.3250152225809
-2060.0890918993964	-903.5810475385593
-2060.0890918993964	-912.8370798545378
-2050.833059583418	-922.0931121705163
-2050.833059583418	-931.3491444864948
-2050.833059583418	-940.6051768024732
-2050.833059583418	-949.8612091184516
-2050.833059583418	-959.1172414344301
-2041.5770272674395	-968.3732737504085
-2041.5770272674395	-977.629306066387
-2032.320994951461	-986.8853383823655
-2032.320994951461	-996.141370698344
-2032.320994951461	-1005.3974030143224
-2023.0649626354827	-1014.6534353303008
-2023.0649626354827	-1023.9094676462793
-2013.8089303195043	-1033.1654999622579
-2013.8089303195043	-1042.421532278236
-2004.5528980035258	-1051.6775645942146
-1995.2968656875473	-1060.933596910193
-1986.0408333715689	-1070.1896292261715
-1976.7848010555904	-1079.44566154215
-1967.528768739612	-1088.7016938581285
-1958.2727364236334	-1097.957726174107
-1949.016704107655	-1107.2137584900854
-1939.7606717916765	-1116.4697908060639
-1930.504639475698	-1125.7258231220424
-1921.2486071597195	-1125.7258231220424
-1911.9925748437413	-1125.7258231220424
-1902.7365425277628	-1134.9818554380208
-1902.7365425277628	-1144.2378877539993
-1893.4805102117843	-1144.2378877539993
-1884.2244778958059	-1153.4939200699778
-1874.9684455798274	-1153.4939200699778
-1865.712413263849	-1162.749952385956
-1865.712413263849	-1172.0059847019345
-1856.4563809478705	-1181.262017017913
-1847.200348631892	-1181.262017017913
-1837.9443163159135	-1190.5180493338914
-1828.688283999935	-1199.77408164987
-1819.4322516839566	-1209.0301139658484
-1810.176219367978	-1218.2861462818269
-1800.9201870519996	-1227.5421785978053
-1791.6641547360214	-1236.7982109137838
-1782.408122420043	-1246.0542432297623
-1773.1520901040644	-1255.3102755457408
-1763.896057788086	-1264.5663078617192
-1754.6400254721075	-1273.8223401776975
-1745.383993156129	-1283.078372493676
-1736.1279608401505	-1292.3344048096544
-1726.871928524172	-1292.3344048096544
-1717.6158962081936	-1301.590437125633
-1708.3598638922151	-1301.590437125633
-1699.1038315762366	-1301.590437125633
-1689.8477992602582	-1310.8464694416114
-1680.5917669442797	-1320.1025017575898
-1671.3357346283015	-1329.3585340735683
-1662.079702312323	-1338.6145663895468
-1652.8236699963445	-1338.6145663895468
-1643.567637680366	-1347.8705987055253
-1634.3116053643876	-1357.1266310215037
-1625.055573048409	-1366.3826633374822
-1625.055573048409	-1375.6386956534607
-1615.7995407324306	-1384.8947279694391
-1606.5435084164521	-1394.1507602854174
-1606.5435084164521	-1403.4067926013959
-1597.2874761004737	-1412.6628249173743
-1588.0314437844952	-1421.9188572333528
-1588.0314437844952	-1431.1748895493313
-1578.7754114685167	-1440.4309218653098
-1578.7754114685167	-1449.6869541812882
-1569.5193791525382	-1458.9429864972667
-1560.2633468365598	-1468.1990188132452
-1551.0073145205815	-1477.4550511292236
-1541.751282204603	-1477.4550511292236
-1532.4952498886246	-1486.7110834452021
-1523.239217572646	-1486.7110834452021
-1513.9831852566676	-1495.9671157611806
-1504.7271529406892	-1505.223148077159
-1504.7271529406892	-1514.4791803931373
-1495.4711206247107	-1523.7352127091158
-1486.2150883087322	-1532.9912450250943
-1486.2150883087322	-1542.2472773410727
-1476.9590559927537	-1551.5033096570512
-1467.7030236767753	-1560.7593419730297
-1458.4469913607968	-1570.0153742890082
-1449.1909590448183	-1579.2714066049866
-1439.9349267288399	-1588.527438920965
-1430.6788944128616	-1588.527438920965
-1421.4228620968831	-1597.7834712369436
-1412.1668297809047	-1597.7834712369436
-1402.9107974649262	-1607.039503552922
-1393.6547651489477	-1616.2955358689005
-1384.3987328329692	-1616.2955358689005
-1375.1427005169908	-1616.2955358689005
-1365.8866682010123	-1625.551568184879
-1356.6306358850338	-1634.8076005008572
-1347.3746035690554	-1644.0636328168357
-1338.1185712530769	-1653.3196651328142
-1328.8625389370984	-1653.3196651328142
-1319.6065066211202	-1662.5756974487927
-1310.3504743051417	-1662.5756974487927
-1301.0944419891632	-1671.8317297647711
-1291.8384096731847	-1671.8317297647711
-1282.5823773572063	-1671.8317297647711
-1273.3263450412278	-1662.5756974487927
-1264.0703127252493	-1662.5756974487927
-1254.8142804092709	-1662.5756974487927
-1245.5582480932924	-1662.5756974487927
-1236.302215777314	-1662.5756974487927
-1227.0461834613354	-1662.5756974487927
-1217.790151145357	-1662.5756974487927
-1208.5341188293785	-1662.5756974487927
-1199.2780865134002	-1662.5756974487927
-1190.0220541974218	-1662.5756974487927
-1180.7660218814433	-1662.5756974487927
-1171.5099895654648	-1662.5756974487927
-1162.2539572494863	-1662.5756974487927
-1152.9979249335079	-1662.5756974487927
-1143.7418926175294	-1662.5756974487927
-1134.485860301551	-1653.3196651328142
-1125.2298279855725	-1644.0636328168357
-1115.973795669594	-1644.0636328168357
-1106.7177633536155	-1634.8076005008572
-1097.461731037637	-1634.8076005008572
-1088.2056987216586	-1625.551568184879
-1078.9496664056803	-1625.551568184879
-1069.6936340897018	-1616.2955358689005
-1060.4376017737234	-1607.039503552922
-1051.181569457745	-1607.039503552922
-1041.9255371417664	-1597.7834712369436
-1032.669504825788	-1597.7834712369436
-1023.4134725098095	-1588.527438920965
-1014.157440193831	-1588.527438920965
-1004.9014078778525	-1588.527438920965
-995.6453755618741	-1588.527438920965
-986.3893432458957	-1588.527438920965
-977.1333109299172	-1579.2714066049866
-967.8772786139388	-1579.2714066049866
-958.6212462979603	-1570.0153742890082
-949.3652139819818	-1560.7593419730297
-940.1091816660033	-1560.7593419730297
-930.853149350025	-1560.7593419730297
-921.5971170340465	-1560.7593419730297
-912.341084718068	-1560.7593419730297
-903.0850524020896	-1551.5033096570512
-893.8290200861111	-1551.5033096570512
-884.5729877701326	-1551.5033096570512
-875.3169554541543	-1551.5033096570512
-866.0609231381758	-1551.5033096570512
-856.8048908221973	-1551.5033096570512
-847.5488585062188	-1560.7593419730297
-838.2928261902404	-1560.7593419730297
-829.0367938742619	-1560.7593419730297
-819.7807615582834	-1560.7593419730297
-810.524729242305	-1560.7593419730297
-801.2686969263266	-1560.7593419730297
-792.0126646103481	-1570.0153742890082
-782.7566322943696	-1570.0153742890082
-773.5005999783912	-1579.2714066049866
-764.2445676624127	-1579.2714066049866
-754.9885353464343	-1588.527438920965
-745.7325030304559	-1588.527438920965
-736.4764707144774	-1597.7834712369436
-727.2204383984989	-1597.7834712369436
-717.9644060825204	-1607.039503552922
-708.708373766542	-1616.2955358689005
-699.4523414505635	-1616.2955358689005
-690.1963091345851	-1616.2955358689005
-680.9402768186067	-1616.2955358689005
-671.6842445026282	-1616.2955358689005
-662.4282121866497	-1616.2955358689005
-653.1721798706712	-1607.039503552922
-643.9161475546928	-1607.039503552922
-634.6601152387144	-1597.7834712369436
-625.4040829227359	-1597.7834712369436
-616.1480506067575	-1588.527438920965
-606.892018290779	-1588.527438920965
-597.6359859748005	-1588.527438920965
-588.379953658822	-1579.2714066049866
-579.1239213428437	-1579.2714066049866
-569.8678890268652	-1579.2714066049866
-560.6118567108867	-1570.0153742890082
-551.3558243949083	-1570.0153742890082
-542.0997920789298	-1560.7593419730297
-532.8437597629513	-1551.5033096570512
-523.5877274469728	-1551.5033096570512
-514.3316951309945	-1551.5033096570512
-505.075662815016	-1551.5033096570512
-495.81963049903754	-1551.5033096570512
-486.56359818305907	-1551.5033096570512
-477.3075658670806	-1560.7593419730297
-468.0515335511022	-1570.0153742890082
-458.7955012351237	-1570.0153742890082
-449.53946891914524	-1579.2714066049866
-440.2834366031668	-1579.2714066049866
-431.02740428718835	-1579.2714066049866
-421.7713719712099	-1579.2714066049866
-412.51533965523146	-1588.527438920965
-403.259307339253	-1588.527438920965
-394.0032750232745	-1588.527438920965
-384.7472427072961	-1588.527438920965
-375.4912103913176	-1588.527438920965
-366.23517807533915	-1588.527438920965
-356.97914575936073	-1588.527438920965
-347.72311344338226	-1588.527438920965
-338.4670811274038	-1597.7834712369436
-329.2110488114253	-1597.7834712369436
-319.9550164954469	-1607.039503552922
-310.6989841794684	-1607.039503552922
-301.44295186348995	-1607.039503552922
-292.18691954751154	-1607.039503552922
-282.93088723153306	-1616.2955358689005
-273.6748549155546	-1616.2955358689005
-264.4188225995762	-1616.2955358689005
-255.1627902835977	-1616.2955358689005
-245.90675796761926	-1616.2955358689005
-236.65072565164078	-1625.551568184879
-227.39469333566234	-1634.8076005008572
-218.13866101968387	-1644.0636328168357
-208.88262870370542	-1644.0636328168357
-199.62659638772698	-1644.0636328168357
-190.3705640717485	-1644.0636328168357
-181.11453175577006	-1644.0636328168357
-171.85849943979161	-1634.8076005008572
-162.60246712381314	-1634.8076005008572
-153.3464348078347	-1634.8076005008572
-144.09040249185622	-1634.8076005008572
-134.83437017587778	-1634.8076005008572
-125.57833785989932	-1634.8076005008572
-116.32230554392088	-1644.0636328168357
-107.06627322794242	-1644.0636328168357
-97.81024091196396	-1644.0636328168357
-88.5542085959855	-1634.8076005008572
-79.29817628000706	-1625.551568184879
-70.0421439640286	-1625.551568184879
-60.78611164805014	-1625.551568184879
-51.530079332071686	-1616.2955358689005
-42.27404701609323	-1625.551568184879
-33.018014700114776	-1616.2955358689005
-23.76198238413632	-1616.2955358689005
-14.505950068157865	-1607.039503552922
-5.24991775217941	-1607.039503552922
4.006114563799045	-1597.7834712369436
13.2621468797775	-1597.7834712369436
22.518179195755955	-1588.527438920965
31.77421151173441	-1588.527438920965
41.030243827712866	-1588.527438920965
50.286276143691325	-1588.527438920965
59.542308459669776	-1588.527438920965
68.79834077564823	-1579.2714066049866
78.05437309162669	-1579.2714066049866
87.31040540760515	-1570.0153742890082
96.5664377235836	-1560.7593419730297
96.5664377235836	-1551.5033096570512
105.82247003956205	-1542.2472773410727
115.07850235554051	-1542.2472773410727
124.33453467151897	-1532.9912450250943
133.59056698749743	-1532.9912450250943
142.84659930347587	-1523.7352127091158
152.10263161945434	-1523.7352127091158
161.3586639354328	-1514.4791803931373
170.61469625141123	-1514.4791803931373
179.8707285673897	-1514.4791803931373
189.12676088336815	-1505.223148077159
198.3827931993466	-1495.9671157611806
207.63882551532507	-1486.7110834452021
216.8948578313035	-1486.7110834452021
226.15089014728198	-1486.7110834452021
235.40692246326043	-1486.7110834452021
244.66295477923887	-1486.7110834452021
253.91898709521735	-1477.4550511292236
263.1750194111958	-1477.4550511292236
272.43105172717424	-1468.1990188132452
281.6870840431527	-1468.1990188132452
290.9431163591312	-1458.9429864972667
300.1991486751096	-1449.6869541812882
309.45518099108807	-1449.6869541812882
318.71121330706654	-1440.4309218653098
327.96724562304496	-1440.4309218653098
337.22327793902343	-1440.4309218653098
346.4793102550019	-1431.1748895493313
355.7353425709803	-1431.1748895493313
364.9913748869588	-1431.1748895493313
374.24740720293727	-1431.1748895493313
383.5034395189157	-1431.1748895493313
392.75947183489416	-1421.9188572333528
402.01550415087263	-1412.6628249173743
411.2715364668511	-1412.6628249173743
420.5275687828295	-1403.4067926013959
429.783601098808	-1403.4067926013959
439.03963341478646	-1394.1507602854174
448.2956657307649	-1384.8947279694391
457.55169804674335	-1384.8947279694391
466.8077303627218	-1384.8947279694391
476.06376267870024	-1375.6386956534607
485.3197949946787	-1366.3826633374822
494.5758273106572	-1366.3826633374822
503.8318596266356	-1357.1266310215037
513.0878919426141	-1357.1266310215037
522.3439242585926	-1347.8705987055253
531.599956574571	-1347.8705987055253
540.8559888905495	-1338.6145663895468
550.1120212065279	-1338.6145663895468
559.3680535225063	-1338.6145663895468
568.6240858384848	-1329.3585340735683
577.8801181544633	-1329.3585340735683
587.1361504704417	-1320.1025017575898
596.3921827864202	-1310.8464694416114
605.6482151023986	-1310.8464694416114
614.904247418377	-1301.590437125633
624.1602797343555	-1301.590437125633
633.416312050334	-1292.3344048096544
642.6723443663125	-1292.3344048096544
651.928376682291	-1283.078372493676
661.1844089982694	-1283.078372493676
670.4404413142478	-1273.8223401776975
679.6964736302263	-1273.8223401776975
688.9525059462047	-1273.8223401776975
698.2085382621832	-1273.8223401776975
707.4645705781617	-1264.5663078617192
716.7206028941401	-1264.5663078617192
725.9766352101185	-1264.5663078617192
735.232667526097	-1255.3102755457408
744.4886998420754	-1255.3102755457408
753.7447321580539	-1246.0542432297623
763.0007644740324	-1246.0542432297623
772.2567967900109	-1236.7982109137838
781.5128291059893	-1236.7982109137838
790.7688614219677	-1236.7982109137838
800.0248937379462	-1227.5421785978053
809.2809260539246	-1227.5421785978053
818.5369583699031	-1227.5421785978053
827.7929906858816	-1218.2861462818269
837.0490230018601	-1218.2861462818269
846.3050553178384	-1209.0301139658484
855.5610876338169	-1199.77408164987
864.8171199497954	-1190.5180493338914
874.0731522657738	-1181.262017017913
883.3291845817523	-1181.262017017913
892.5852168977308	-1172.0059847019345
901.8412492137091	-1172.0059847019345
911.0972815296876	-1162.749952385956
920.3533138456661	-1162.749952385956
929.6093461616446	-1153.4939200699778
938.865378477623	-1144.2378877539993
948.1214107936015	-1144.2378877539993
957.37744310958	-1144.2378877539993
966.6334754255583	-1134.9818554380208
975.8895077415368	-1125.7258231220424
985.1455400575153	-1125.7258231220424
985.1455400575153	-1116.4697908060639
994.4015723734938	-1107.2137584900854
1003.6576046894722	-1107.2137584900854
1012.9136370054507	-1097.957726174107
1022.1696693214291	-1097.957726174107
1031.4257016374077	-1088.7016938581285
1040.6817339533861	-1088.7016938581285
1049.9377662693644	-1079.44566154215
1059.1937985853428	-1070.1896292261715
1068.4498309013213	-1070.1896292261715
1077.7058632172998	-1060.933596910193
1086.9618955332783	-1051.6775645942146
1096.2179278492567	-1042.421532278236
1105.4739601652352	-1033.1654999622579
1114.7299924812137	-1023.9094676462793
1123.9860247971922	-1014.6534353303008
1123.9860247971922	-1005.3974030143224
1133.2420571131706	-996.141370698344
1133.2420571131706	-986.8853383823655
1142.498089429149	-977.629306066387
1151.7541217451276	-968.3732737504085
1161.010154061106	-968.3732737504085
1170.2661863770843	-959.1172414344301
1179.5222186930628	-949.8612091184516
1188.7782510090412	-940.6051768024732
1198.0342833250197	-940.6051768024732
1207.2903156409982	-931.3491444864948
1216.5463479569767	-931.3491444864948
1225.8023802729551	-931.3491444864948
1235.0584125889336	-922.0931121705163
1244.314444904912	-922.0931121705163
1253.5704772208906	-922.0931121705163
1262.826509536869	-922.0931121705163
1272.0825418528475	-922.0931121705163
1281.338574168826	-912.8370798545378
1290.5946064848042	-912.8370798545378
1299.8506388007827	-903.5810475385593
1309.1066711167612	-903.5810475385593
1318.3627034327396	-903.5810475385593
1327.618735748718	-894.3250152225809
1336.8747680646966	-885.0689829066025
1346.130800380675	-885.0689829066025
1355.3868326966535	-875.812950590624
1364.642865012632	-875.812950590624
1373.8988973286105	-875.812950590624
1383.154929644589	-866.5569182746456
1392.4109619605674	-866.5569182746456
1401.666994276546	-866.5569182746456
1410.9230265925241	-857.3008859586671
1420.1790589085026	-857.3008859586671
1429.435091224481	-857.3008859586671
1438.6911235404596	-848.0448536426886
1447.947155856438	-848.0448536426886
1457.2031881724165	-838.7888213267101
1466.459220488395	-838.7888213267101
1475.7152528043734	-829.5327890107317
1484.971285120352	-820.2767566947533
1494.2273174363304	-820.2767566947533
1494.2273174363304	-811.0207243787748
1503.4833497523089	-801.7646920627964
1512.7393820682873	-792.5086597468179
1521.9954143842658	-783.2526274308394
1521.9954143842658	-773.996595114861
1531.251446700244	-764.7405627988826
1540.5074790162225	-755.4845304829041
1540.5074790162225	-746.2284981669256
1549.763511332201	-736.9724658509472
1559.0195436481795	-727.7164335349687
1559.0195436481795	-718.4604012189902
1568.275575964158	-709.2043689030119
1577.5316082801364	-699.9483365870334
1586.787640596115	-699.9483365870334
1596.0436729120934	-690.6923042710549
1605.2997052280718	-681.4362719550764
1614.5557375440503	-672.180239639098
1623.8117698600288	-662.9242073231195
1633.0678021760073	-653.668175007141
1642.3238344919855	-644.4121426911627
1651.579866807964	-635.1561103751842
1660.8358991239425	-625.9000780592057
1670.091931439921	-616.6440457432273
1679.3479637558994	-616.6440457432273
1688.6039960718779	-607.3880134272488
1697.8600283878563	-598.1319811112703
1697.8600283878563	-588.875948795292
1707.1160607038348	-579.6199164793135
1716.3720930198133	-570.363884163335
1725.6281253357918	-561.1078518473565
1734.8841576517702	-561.1078518473565
1744.1401899677487	-551.851819531378
1753.3962222837272	-551.851819531378
1762.6522545997054	-551.851819531378
1771.908286915684	-542.5957872153996
1781.1643192316624	-542.5957872153996
1790.4203515476408	-542.5957872153996
1799.6763838636193	-533.3397548994211
1808.9324161795978	-533.3397548994211
1818.1884484955763	-533.3397548994211
1827.4444808115547	-524.0837225834427
1836.7005131275332	-524.0837225834427
1845.9565454435117	-514.8276902674643
1855.2125777594902	-514.8276902674643
1864.4686100754686	-505.5716579514858
1873.724642391447	-505.5716579514858
1882.9806747074254	-496.31562563550733
1892.2367070234038	-496.31562563550733
1901.4927393393823	-487.0595933195289
1910.7487716553608	-487.0595933195289
1920.0048039713392	-477.80356100355044
1929.2608362873177	-477.80356100355044
1938.5168686032962	-477.80356100355044
1947.7729009192747	-468.54752868757197
1957.0289332352531	-459.2914963715935
1966.2849655512316	-450.0354640556151
1975.54099786721	-440.7794317396366
1975.54099786721	-431.52339942365813
1984.7970301831886	-422.2673671076797
1994.053062499167	-413.01133479170124
2003.3090948151453	-403.7553024757228
2012.5651271311237	-394.49927015974436
2021.8211594471022	-385.2432378437659
2021.8211594471022	-375.9872055277874
2031.0771917630807	-366.731173211809
2031.0771917630807	-357.4751408958305
2031.0771917630807	-348.21910857985205
2031.0771917630807	-338.96307626387363
2031.0771917630807	-329.70704394789516
2040.3332240790592	-320.4510116319167
2040.3332240790592	-311.1949793159382
2049.589256395038	-301.9389469999598
2058.845288711016	-292.6829146839813
2058.845288711016	-283.42688236800285
2068.1013210269944	-274.17085005202443
2077.357353342973	-264.91481773604596
2077.357353342973	-255.65878542006752
2086.6133856589513	-246.40275310408904
2086.6133856589513	-237.1467207881106
2095.86941797493	-227.89068847213215
2095.86941797493	-218.63465615615368
2095.86941797493	-209.37862384017524
2105.1254502909082	-200.12259152419676
2105.1254502909082	-190.86655920821832
2105.1254502909082	-181.61052689223987
2114.381482606887	-172.3544945762614
2114.381482606887	-163.09846226028296
2114.381482606887	-153.8424299443045
2123.637514922865	-144.58639762832604
2123.637514922865	-135.3303653123476
2123.637514922865	-126.07433299636914
2132.893547238844	-116.81830068039068
2132.893547238844	-107.56226836441222
2132.893547238844	-98.30623604843377
2142.149579554822	-89.05020373245532
2151.405611870801	-79.79417141647686
2151.405611870801	-70.5381391004984
2160.661644186779	-61.28210678451995
2169.917676502758	-52.026074468541495
2169.917676502758	-42.770042152563036
2179.173708818736	-33.514009836584584
2188.4297411347143	-33.514009836584584
2197.685773450693	-24.257977520606126
2206.941805766671	-24.257977520606126
2216.19783808265	-24.257977520606126
2225.453870398628	-15.001945204627672
2234.709902714607	-5.745912888649217
2234.709902714607	3.510119427329238
2234.709902714607	12.766151743307693
2234.709902714607	22.02218405928615
2234.709902714607	31.278216375264606
2243.965935030585	40.53424869124306
2253.221967346564	49.790281007221516
2253.221967346564	59.04631332319997
2262.477999662542	68.30234563917843
2262.477999662542	77.55837795515689
2262.477999662542	86.81441027113533
2262.477999662542	96.07044258711379
2262.477999662542	105.32647490309225
2262.477999662542	114.5825072190707
2262.477999662542	123.83853953504915
2262.477999662542	133.0945718510276
2253.221967346564	142.35060416700605
2253.221967346564	151.60663648298453
2243.965935030585	160.86266879896297
2243.965935030585	170.11870111494144
2243.965935030585	179.3747334309199
2243.965935030585	188.63076574689833
2243.965935030585	197.8867980628768
2243.965935030585	207.14283037885525
2243.965935030585	216.3988626948337
2243.965935030585	225.65489501081217
2234.709902714607	234.9109273267906
2234.709902714607	244.1669596427691
2234.709902714607	253.42299195874753
2234.709902714607	262.679024274726
2225.453870398628	271.93505659070445
2225.453870398628	281.1910889066829
2225.453870398628	290.44712122266134
2225.453870398628	299.7031535386398
2225.453870398628	308.9591858546183
2216.19783808265	318.2152181705967
2216.19783808265	327.4712504865752
2216.19783808265	336.72728280255365
2216.19783808265	345.98331511853206
2216.19783808265	355.23934743451053
2206.941805766671	364.495379750489
2206.941805766671	373.7514120664674
2197.685773450693	383.0074443824459
2197.685773450693	392.26347669842437
2188.4297411347143	401.5195090144028
2188.4297411347143	410.77554133038126
2179.173708818736	420.03157364635973
2179.173708818736	429.2876059623382
2179.173708818736	438.5436382783166
2179.173708818736	447.7996705942951
2169.917676502758	457.05570291027357
2169.917676502758	466.311735226252
2160.661644186779	475.56776754223046
2160.661644186779	484.82379985820893
2151.405611870801	494.07983217418735
2151.405611870801	503.3358644901658
2151.405611870801	512.5918968061443
2151.405611870801	521.8479291221228
2151.405611870801	531.1039614381012
2151.405611870801	540.3599937540796
2142.149579554822	549.6160260700581
2142.149579554822	558.8720583860365
2132.893547238844	568.128090702015
2123.637514922865	577.3841230179935
2114.381482606887	586.640155333972
2114.381482606887	595.8961876499503
2105.1254502909082	605.1522199659288
2105.1254502909082	614.4082522819073
2095.86941797493	623.6642845978857
2095.86941797493	632.9203169138642
2095.86941797493	642.1763492298427
2095.86941797493	651.4323815458212
2086.6133856589513	660.6884138617995
2086.6133856589513	669.944446177778
2086.6133856589513	679.2004784937565
2077.357353342973	688.4565108097349
2077.357353342973	697.7125431257134
2068.1013210269944	706.9685754416919
2068.1013210269944	716.2246077576702
2058.845288711016	725.4806400736487
2049.589256395038	734.7366723896272
2040.3332240790592	743.9927047056057
2031.0771917630807	753.2487370215841
2031.0771917630807	762.5047693375626
2021.8211594471022	771.760801653541
2021.8211594471022	781.0168339695194
2012.5651271311237	790.2728662854979
2012.5651271311237	799.5288986014764
2012.5651271311237	808.7849309174549
2012.5651271311237	818.0409632334333
2012.5651271311237	827.2969955494118
2012.5651271311237	836.5530278653902
2012.5651271311237	845.8090601813686
2021.8211594471022	855.0650924973471
2021.8211594471022	864.3211248133256
2021.8211594471022	873.577157129304
2021.8211594471022	882.8331894452825
2012.5651271311237	892.0892217612609
2003.3090948151453	901.3452540772394
2003.3090948151453	910.6012863932178
2003.3090948151453	919.8573187091963
1994.053062499167	929.1133510251748
1994.053062499167	938.3693833411533
1994.053062499167	947.6254156571317
1984.7970301831886	956.8814479731101
1984.7970301831886	966.1374802890886
1984.7970301831886	975.393512605067
1984.7970301831886	984.6495449210455
1975.54099786721	993.905577237024
1966.2849655512316	1003.1616095530024
1957.0289332352531	1012.4176418689808
1957.0289332352531	1021.6736741849593
1947.7729009192747	1030.9297065009378
1947.7729009192747	1040.1857388169162
1938.5168686032962	1049.4417711328947
1938.5168686032962	1058.6978034488732
1929.2608362873177	1067.9538357648516
1929.2608362873177	1077.2098680808301
1920.0048039713392	1086.4659003968086
1910.7487716553608	1095.721932712787
1910.7487716553608	1104.9779650287653
1901.4927393393823	1114.2339973447438
1892.2367070234038	1123.4900296607223
1882.9806747074254	1132.7460619767007
1873.724642391447	1142.0020942926792
1873.724642391447	1151.2581266086577
1864.4686100754686	1151.2581266086577
1855.2125777594902	1160.5141589246361
1845.9565454435117	1169.7701912406146
1845.9565454435117	1179.026223556593
1836.7005131275332	1188.2822558725716
1827.4444808115547	1197.53828818855
1818.1884484955763	1206.7943205045285
1808.9324161795978	1216.0503528205068
1808.9324161795978	1225.3063851364852
1799.6763838636193	1234.5624174524637
1799.6763838636193	1243.8184497684422
1790.4203515476408	1253.0744820844207
1781.1643192316624	1262.3305144003991
1781.1643192316624	1271.5865467163776
1771.908286915684	1280.842579032356
1762.6522545997054	1290.0986113483345
1753.3962222837272	1299.354643664313
1744.1401899677487	1308.6106759802915
1734.8841576517702	1308.6106759802915
1725.6281253357918	1317.86670829627
1716.3720930198133	1327.1227406122484
1707.1160607038348	1336.3787729282267
1697.8600283878563	1336.3787729282267
1688.6039960718779	1345.6348052442052
1679.3479637558994	1345.6348052442052
1670.091931439921	1354.8908375601836
1660.8358991239425	1364.146869876162
1651.579866807964	1373.4029021921406
1642.3238344919855	1382.658934508119
1633.0678021760073	1391.9149668240975
1623.8117698600288	1391.9149668240975
1614.5557375440503	1401.170999140076
1605.2997052280718	1401.170999140076
1596.0436729120934	1410.4270314560545
1586.787640596115	1410.4270314560545
1577.5316082801364	1419.683063772033
1568.275575964158	1419.683063772033
1559.0195436481795	1428.9390960880114
1549.763511332201	1428.9390960880114
1540.5074790162225	1428.9390960880114
1531.251446700244	1428.9390960880114
1521.9954143842658	1438.1951284039899
1512.7393820682873	1438.1951284039899
1503.4833497523089	1447.4511607199684
1494.2273174363304	1447.4511607199684
1484.971285120352	1447.4511607199684
1475.7152528043734	1456.7071930359466
1466.459220488395	1456.7071930359466
1457.2031881724165	1465.963225351925
1447.947155856438	1465.963225351925
1438.6911235404596	1465.963225351925
1429.435091224481	1475.2192576679035
1420.1790589085026	1475.2192576679035
1410.9230265925241	1475.2192576679035
1401.666994276546	1484.475289983882
1392.4109619605674	1484.475289983882
1383.154929644589	1484.475289983882
1373.8988973286105	1484.475289983882
1364.642865012632	1484.475289983882
1355.3868326966535	1493.7313222998605
1346.130800380675	1493.7313222998605
1336.8747680646966	1502.987354615839
1327.618735748718	1502.987354615839
1318.3627034327396	1502.987354615839
1309.1066711167612	1502.987354615839
1299.8506388007827	1512.2433869318174
1290.5946064848042	1512.2433869318174
1281.338574168826	1512.2433869318174
1272.0825418528475	1512.2433869318174
1262.826509536869	1512.2433869318174
1253.5704772208906	1512.2433869318174
1244.314444904912	1521.499419247796
1235.0584125889336	1521.499419247796
1225.8023802729551	1521.499419247796
1216.5463479569767	1530.7554515637744
1207.2903156409982	1540.0114838797529
1207.2903156409982	1549.2675161957313
1198.0342833250197	1549.2675161957313
1188.7782510090412	1558.5235485117098
1179.5222186930628	1567.7795808276883
1170.2661863770843	1567.7795808276883
1161.010154061106	1577.0356131436665
1151.7541217451276	1577.0356131436665
1142.498089429149	1586.291645459645
1133.2420571131706	1586.291645459645
1123.9860247971922	1586.291645459645
1114.7299924812137	1595.5476777756235
1105.4739601652352	1595.5476777756235
1096.2179278492567	1595.5476777756235
1086.9618955332783	1595.5476777756235
1077.7058632172998	1604.803710091602
1068.4498309013213	1604.803710091602
1059.1937985853428	1614.0597424075804
1049.9377662693644	1614.0597424075804
1040.6817339533861	1614.0597424075804
1031.4257016374077	1623.315774723559
1022.1696693214291	1623.315774723559
1012.9136370054507	1614.0597424075804
1003.6576046894722	1614.0597424075804
994.4015723734938	1623.315774723559
985.1455400575153	1623.315774723559
975.8895077415368	1623.315774723559
966.6334754255583	1623.315774723559
957.37744310958	1623.315774723559
948.1214107936015	1623.315774723559
938.865378477623	1623.315774723559
929.6093461616446	1623.315774723559
920.3533138456661	1623.315774723559
911.0972815296876	1632.5718070395374
901.8412492137091	1632.5718070395374
892.5852168977308	1632.5718070395374
883.3291845817523	1632.5718070395374
874.0731522657738	1632.5718070395374
864.8171199497954	1632.5718070395374
855.5610876338169	1632.5718070395374
846.3050553178384	1632.5718070395374
837.0490230018601	1632.5718070395374
827.7929906858816	1632.5718070395374
818.5369583699031	1641.8278393555158
809.2809260539246	1641.8278393555158
800.0248937379462	1641.8278393555158
790.7688614219677	1632.5718070395374
781.5128291059893	1632.5718070395374
772.2567967900109	1632.5718070395374
763.0007644740324	1632.5718070395374
753.7447321580539	1632.5718070395374
744.4886998420754	1632.5718070395374
735.232667526097	1632.5718070395374
725.9766352101185	1632.5718070395374
716.7206028941401	1632.5718070395374
707.4645705781617	1632.5718070395374
698.2085382621832	1641.8278393555158
688.9525059462047	1641.8278393555158
679.6964736302263	1641.8278393555158
670.4404413142478	1641.8278393555158
661.1844089982694	1651.0838716714943
651.928376682291	1651.0838716714943
642.6723443663125	1651.0838716714943
633.416312050334	1651.0838716714943
624.1602797343555	1651.0838716714943
614.904247418377	1651.0838716714943
605.6482151023986	1651.0838716714943
596.3921827864202	1651.0838716714943
587.1361504704417	1651.0838716714943
577.8801181544633	1651.0838716714943
568.6240858384848	1651.0838716714943
559.3680535225063	1651.0838716714943
550.1120212065279	1641.8278393555158
540.8559888905495	1641.8278393555158
531.599956574571	1641.8278393555158
522.3439242585926	1632.5718070395374
513.0878919426141	1632.5718070395374
503.8318596266356	1632.5718070395374
494.5758273106572	1632.5718070395374
485.3197949946787	1632.5718070395374
476.06376267870024	1632.5718070395374
466.8077303627218	1632.5718070395374
457.55169804674335	1623.315774723559
448.2956657307649	1623.315774723559
439.03963341478646	1614.0597424075804
429.783601098808	1614.0597424075804
420.5275687828295	1614.0597424075804
411.2715364668511	1614.0597424075804
402.01550415087263	1604.803710091602
392.75947183489416	1604.803710091602
383.5034395189157	1604.803710091602
374.24740720293727	1604.803710091602
364.9913748869588	1595.5476777756235
355.7353425709803	1595.5476777756235
346.4793102550019	1586.291645459645
337.22327793902343	1586.291645459645
327.96724562304496	1577.0356131436665
318.71121330706654	1577.0356131436665
309.45518099108807	1567.7795808276883
300.1991486751096	1567.7795808276883
290.9431163591312	1567.7795808276883
281.6870840431527	1567.7795808276883
272.43105172717424	1567.7795808276883
263.1750194111958	1558.5235485117098
253.91898709521735	1558.5235485117098
244.66295477923887	1558.5235485117098
235.40692246326043	1558.5235485117098
226.15089014728198	1558.5235485117098
216.8948578313035	1558.5235485117098
207.63882551532507	1549.2675161957313
198.3827931993466	1549.2675161957313
189.12676088336815	1540.0114838797529
179.8707285673897	1540.0114838797529
170.61469625141123	1530.7554515637744
161.3586639354328	1530.7554515637744
152.10263161945434	1521.499419247796
142.84659930347587	1512.2433869318174
133.59056698749743	1512.2433869318174
124.33453467151897	1512.2433869318174
115.07850235554051	1502.987354615839
105.82247003956205	1502.987354615839
96.5664377235836	1502.987354615839
87.31040540760515	1493.7313222998605
78.05437309162669	1493.7313222998605
68.79834077564823	1484.475289983882
59.542308459669776	1484.475289983882
50.286276143691325	1484.475289983882
41.030243827712866	1484.475289983882
31.77421151173441	1484.475289983882
22.518179195755955	1484.475289983882
13.2621468797775	1475.2192576679035
4.006114563799045	1475.2192576679035
-5.24991775217941	1465.963225351925
-14.505950068157865	1465.963225351925
-23.76198238413632	1456.7071930359466
-33.018014700114776	1456.7071930359466
-42.27404701609323	1456.7071930359466
-51.530079332071686	1447.4511607199684
-60.78611164805014	1447.4511607199684
-70.0421439640286	1447.4511607199684
-79.29817628000706	1447.4511607199684
-88.5542085959855	1447.4511607199684
-97.81024091196396	1447.4511607199684
-107.06627322794242	1447.4511607199684
-116.32230554392088	1447.4511607199684
-125.57833785989932	1447.4511607199684
-134.83437017587778	1447.4511607199684
-144.09040249185622	1447.4511607199684
-153.3464348078347	1447.4511607199684
-162.60246712381314	1447.4511607199684
-171.85849943979161	1456.7071930359466
-181.11453175577006	1456.7071930359466
-190.3705640717485	1456.7071930359466
-199.62659638772698	1456.7071930359466
-208.88262870370542	1456.7071930359466
-218.13866101968387	1456.7071930359466
-227.39469333566234	1456.7071930359466
-236.65072565164078	1456.7071930359466
-245.90675796761926	1447.4511607199684
-255.1627902835977	1447.4511607199684
-264.4188225995762	1447.4511607199684
-273.6748549155546	1447.4511607199684
-282.93088723153306	1438.1951284039899
-292.18691954751154	1438.1951284039899
-301.44295186348995	1438.1951284039899
-310.6989841794684	1438.1951284039899
-319.9550164954469	1428.9390960880114
-329.2110488114253	1428.9390960880114
-338.4670811274038	1428.9390960880114
-347.72311344338226	1428.9390960880114
-356.97914575936073	1428.9390960880114
-366.23517807533915	1428.9390960880114
-375.4912103913176	1428.9390960880114
-384.7472427072961	1428.9390960880114
-394.0032750232745	1428.9390960880114
-403.259307339253	1428.9390960880114
-412.51533965523146	1428.9390960880114
-421.7713719712099	1428.9390960880114
-431.02740428718835	1428.9390960880114
-440.2834366031668	1419.683063772033
-449.53946891914524	1419.683063772033
-458.7955012351237	1419.683063772033
-468.0515335511022	1419.683063772033
-477.3075658670806	1419.683063772033
-486.56359818305907	1419.683063772033
-495.81963049903754	1419.683063772033
-505.075662815016	1419.683063772033
-514.3316951309945	1419.683063772033
-523.5877274469728	1419.683063772033
-532.8437597629513	1419.683063772033
-542.0997920789298	1419.683063772033
-551.3558243949083	1419.683063772033
-560.6118567108867	1419.683063772033
-569.8678890268652	1419.683063772033
-579.1239213428437	1419.683063772033
