# particle morphology
# using file: 25-05X-H.png
#
#x/µm	y/µm
253.88879951681992	1709.6241190427988
244.67134888845368	1709.6241190427988
235.4538982600874	1709.6241190427988
226.23644763172118	1709.6241190427988
217.01899700335494	1709.6241190427988
207.80154637498867	1709.6241190427988
198.58409574662244	1700.4066684144327
189.3666451182562	1700.4066684144327
180.14919448988994	1700.4066684144327
170.9317438615237	1700.4066684144327
161.71429323315743	1700.4066684144327
152.4968426047912	1691.1892177860664
143.27939197642496	1691.1892177860664
134.0619413480587	1691.1892177860664
124.84449071969246	1691.1892177860664
115.62704009132621	1681.9717671577002
106.40958946295996	1681.9717671577002
97.19213883459372	1681.9717671577002
87.97468820622747	1681.9717671577002
78.75723757786122	1681.9717671577002
69.53978694949497	1681.9717671577002
60.322336321128724	1681.9717671577002
51.10488569276248	1691.1892177860664
41.88743506439623	1691.1892177860664
32.669984436029985	1691.1892177860664
23.452533807663734	1691.1892177860664
14.235083179297487	1691.1892177860664
5.01763255093124	1691.1892177860664
-4.199818077435007	1691.1892177860664
-13.417268705801256	1691.1892177860664
-22.634719334167503	1700.4066684144327
-31.85216996253375	1691.1892177860664
-41.069620590899994	1691.1892177860664
-50.287071219266245	1691.1892177860664
-59.50452184763249	1691.1892177860664
-68.72197247599874	1681.9717671577002
-77.93942310436499	1681.9717671577002
-87.15687373273123	1681.9717671577002
-96.37432436109748	1681.9717671577002
-105.59177498946373	1681.9717671577002
-114.80922561782998	1681.9717671577002
-124.02667624619622	1681.9717671577002
-133.24412687456248	1681.9717671577002
-142.46157750292872	1681.9717671577002
-151.67902813129496	1681.9717671577002
-160.89647875966122	1681.9717671577002
-170.11392938802746	1681.9717671577002
-179.3313800163937	1681.9717671577002
-188.54883064475996	1681.9717671577002
-197.7662812731262	1681.9717671577002
-206.98373190149246	1681.9717671577002
-216.2011825298587	1681.9717671577002
-225.41863315822494	1672.754316529334
-234.6360837865912	1672.754316529334
-243.85353441495744	1672.754316529334
-253.07098504332367	1672.754316529334
-262.2884356716899	1663.5368659009678
-271.5058863000562	1663.5368659009678
-280.72333692842244	1663.5368659009678
-289.9407875567887	1663.5368659009678
-299.1582381851549	1663.5368659009678
-308.37568881352115	1663.5368659009678
-317.59313944188744	1663.5368659009678
-326.8105900702537	1663.5368659009678
-336.0280406986199	1663.5368659009678
-345.24549132698615	1654.3194152726014
-354.4629419553524	1654.3194152726014
-363.68039258371863	1654.3194152726014
-372.8978432120849	1654.3194152726014
-382.11529384045116	1654.3194152726014
-391.3327444688174	1654.3194152726014
-400.55019509718363	1663.5368659009678
-409.76764572554987	1663.5368659009678
-418.98509635391616	1663.5368659009678
-428.2025469822824	1663.5368659009678
-437.41999761064864	1654.3194152726014
-446.6374482390149	1654.3194152726014
-455.8548988673811	1654.3194152726014
-465.0723494957474	1654.3194152726014
-474.28980012411364	1654.3194152726014
-483.5072507524799	1654.3194152726014
-492.7247013808461	1654.3194152726014
-501.94215200921235	1654.3194152726014
-511.1596026375786	1663.5368659009678
-520.3770532659448	1672.754316529334
-529.5945038943111	1672.754316529334
-538.8119545226774	1681.9717671577002
-548.0294051510436	1681.9717671577002
-557.2468557794099	1681.9717671577002
-566.4643064077761	1691.1892177860664
-575.6817570361424	1691.1892177860664
-584.8992076645086	1691.1892177860664
-594.1166582928748	1681.9717671577002
-603.3341089212411	1681.9717671577002
-612.5515595496073	1681.9717671577002
-621.7690101779735	1672.754316529334
-630.9864608063398	1672.754316529334
-640.2039114347061	1672.754316529334
-649.4213620630724	1663.5368659009678
-658.6388126914386	1663.5368659009678
-667.8562633198048	1663.5368659009678
-677.0737139481711	1663.5368659009678
-686.2911645765373	1663.5368659009678
-695.5086152049035	1663.5368659009678
-704.7260658332698	1663.5368659009678
-713.943516461636	1654.3194152726014
-723.1609670900023	1654.3194152726014
-732.3784177183685	1645.1019646442353
-741.5958683467348	1635.884514015869
-750.8133189751011	1626.6670633875026
-760.0307696034673	1617.4496127591365
-769.2482202318336	1608.2321621307701
-769.2482202318336	1599.014711502404
-778.4656708601998	1589.7972608740376
-787.683121488566	1580.5798102456715
-796.9005721169323	1571.3623596173052
-796.9005721169323	1562.144908988939
-806.1180227452985	1552.9274583605727
-806.1180227452985	1543.7100077322066
-815.3354733736647	1534.4925571038402
-824.552924002031	1525.2751064754739
-833.7703746303973	1525.2751064754739
-842.9878252587636	1525.2751064754739
-852.2052758871298	1516.0576558471078
-861.422726515496	1516.0576558471078
-870.6401771438623	1506.8402052187414
-879.8576277722285	1506.8402052187414
-889.0750784005947	1497.6227545903753
-898.292529028961	1506.8402052187414
-907.5099796573272	1506.8402052187414
-916.7274302856935	1506.8402052187414
-925.9448809140597	1506.8402052187414
-935.162331542426	1506.8402052187414
-944.3797821707923	1506.8402052187414
-953.5972327991585	1516.0576558471078
-962.8146834275248	1516.0576558471078
-972.032134055891	1516.0576558471078
-981.2495846842572	1506.8402052187414
-990.4670353126235	1497.6227545903753
-990.4670353126235	1488.405303962009
-999.6844859409897	1479.1878533336428
-999.6844859409897	1469.9704027052765
-1008.9019365693559	1460.7529520769103
-1008.9019365693559	1451.535501448544
-1008.9019365693559	1442.3180508201779
-1008.9019365693559	1433.1006001918115
-1008.9019365693559	1423.8831495634452
-1008.9019365693559	1414.665698935079
-1008.9019365693559	1405.4482483067127
-1008.9019365693559	1396.2307976783466
-1008.9019365693559	1387.0133470499802
-1008.9019365693559	1377.795896421614
-1008.9019365693559	1368.5784457932477
-1018.1193871977222	1359.3609951648816
-1027.3368378260884	1350.1435445365153
-1027.3368378260884	1340.9260939081491
-1036.5542884544548	1331.7086432797828
-1045.771739082821	1322.4911926514164
-1045.771739082821	1313.2737420230503
-1045.771739082821	1304.056291394684
-1054.9891897111872	1294.8388407663178
-1064.2066403395534	1285.6213901379515
-1064.2066403395534	1276.4039395095854
-1064.2066403395534	1267.186488881219
-1064.2066403395534	1257.969038252853
-1064.2066403395534	1248.7515876244865
-1064.2066403395534	1239.5341369961204
-1064.2066403395534	1230.316686367754
-1064.2066403395534	1221.0992357393877
-1073.4240909679197	1211.8817851110216
-1073.4240909679197	1202.6643344826552
-1082.641541596286	1193.4468838542891
-1091.8589922246522	1184.2294332259228
-1091.8589922246522	1175.0119825975567
-1101.0764428530185	1165.7945319691903
-1101.0764428530185	1156.5770813408242
-1110.2938934813847	1147.3596307124578
-1110.2938934813847	1138.1421800840917
-1110.2938934813847	1128.9247294557254
-1119.511344109751	1119.707278827359
-1119.511344109751	1110.4898281989929
-1128.7287947381171	1101.2723775706265
-1128.7287947381171	1092.0549269422604
-1137.9462453664835	1082.837476313894
-1137.9462453664835	1073.620025685528
-1137.9462453664835	1064.4025750571616
-1147.1636959948496	1055.1851244287955
-1156.381146623216	1045.967673800429
-1165.598597251582	1036.7502231720628
-1174.8160478799484	1027.5327725436966
-1184.0334985083148	1018.3153219153304
-1193.250949136681	1009.0978712869642
-1202.4683997650473	999.8804206585979
-1211.6858503934134	990.6629700302317
-1220.9033010217797	981.4455194018653
-1220.9033010217797	972.2280687734991
-1220.9033010217797	963.0106181451329
-1230.1207516501458	953.7931675167666
-1230.1207516501458	944.5757168884004
-1230.1207516501458	935.3582662600342
-1230.1207516501458	926.1408156316679
-1239.3382022785122	916.9233650033017
-1239.3382022785122	907.7059143749354
-1239.3382022785122	898.4884637465692
-1239.3382022785122	889.2710131182029
-1239.3382022785122	880.0535624898366
-1239.3382022785122	870.8361118614704
-1239.3382022785122	861.6186612331041
-1248.5556529068783	852.4012106047379
-1248.5556529068783	843.1837599763717
-1257.7731035352447	833.9663093480054
-1266.9905541636108	824.7488587196392
-1266.9905541636108	815.531408091273
-1266.9905541636108	806.3139574629067
-1266.9905541636108	797.0965068345405
-1266.9905541636108	787.8790562061741
-1276.2080047919771	778.6616055778079
-1276.2080047919771	769.4441549494417
-1285.4254554203435	760.2267043210754
-1285.4254554203435	751.0092536927092
-1294.6429060487096	741.791803064343
-1294.6429060487096	732.5743524359767
-1294.6429060487096	723.3569018076105
-1303.860356677076	714.1394511792442
-1303.860356677076	704.922000550878
-1303.860356677076	695.7045499225118
-1313.077807305442	686.4870992941454
-1322.2952579338084	677.2696486657792
-1322.2952579338084	668.052198037413
-1322.2952579338084	658.8347474090467
-1331.5127085621746	649.6172967806805
-1331.5127085621746	640.3998461523142
-1331.5127085621746	631.182395523948
-1331.5127085621746	621.9649448955818
-1340.730159190541	612.7474942672155
-1340.730159190541	603.5300436388493
-1349.947609818907	594.3125930104829
-1349.947609818907	585.0951423821167
-1359.1650604472734	575.8776917537505
-1368.3825110756395	566.6602411253842
-1377.5999617040059	557.442790497018
-1386.8174123323722	548.2253398686518
-1386.8174123323722	539.0078892402855
-1396.0348629607383	529.7904386119193
-1396.0348629607383	520.572987983553
-1405.2523135891047	511.35553735518675
-1405.2523135891047	502.1380867268205
-1405.2523135891047	492.9206360984543
-1414.4697642174708	483.70318547008804
-1414.4697642174708	474.4857348417218
-1423.6872148458372	465.2682842133555
-1423.6872148458372	456.0508335849893
-1423.6872148458372	446.83338295662304
-1423.6872148458372	437.6159323282568
-1423.6872148458372	428.39848169989057
-1423.6872148458372	419.1810310715243
-1423.6872148458372	409.96358044315804
-1423.6872148458372	400.7461298147918
-1423.6872148458372	391.52867918642556
-1423.6872148458372	382.3112285580593
-1432.9046654742033	373.09377792969303
-1432.9046654742033	363.8763273013268
-1432.9046654742033	354.65887667296056
-1432.9046654742033	345.4414260445943
-1442.1221161025696	336.2239754162281
-1442.1221161025696	327.00652478786185
-1442.1221161025696	317.78907415949556
-1442.1221161025696	308.5716235311293
-1442.1221161025696	299.3541729027631
-1451.3395667309358	290.13672227439685
-1451.3395667309358	280.9192716460306
-1451.3395667309358	271.7018210176643
-1451.3395667309358	262.4843703892981
-1442.1221161025696	253.26691976093184
-1442.1221161025696	244.0494691325656
-1442.1221161025696	234.83201850419934
-1442.1221161025696	225.6145678758331
-1442.1221161025696	216.39711724746687
-1451.3395667309358	207.1796666191006
-1451.3395667309358	197.96221599073436
-1451.3395667309358	188.7447653623681
-1451.3395667309358	179.52731473400186
-1460.557017359302	170.30986410563563
-1460.557017359302	161.09241347726936
-1460.557017359302	151.87496284890312
-1460.557017359302	142.6575122205369
-1460.557017359302	133.44006159217062
-1460.557017359302	124.22261096380439
-1460.557017359302	115.00516033543813
-1469.7744679876682	105.78770970707188
-1469.7744679876682	96.57025907870563
-1469.7744679876682	87.3528084503394
-1469.7744679876682	78.13535782197314
-1469.7744679876682	68.9179071936069
-1469.7744679876682	59.70045656524065
-1478.9919186160346	50.4830059368744
-1478.9919186160346	41.265555308508155
-1488.209369244401	32.048104680141904
-1488.209369244401	22.830654051775657
-1488.209369244401	13.613203423409411
-1497.426819872767	4.395752795043164
-1497.426819872767	-4.821697833323084
-1497.426819872767	-14.039148461689331
-1506.6442705011334	-23.25659909005558
-1506.6442705011334	-32.474049718421824
-1506.6442705011334	-41.691500346788075
-1506.6442705011334	-50.90895097515432
-1515.8617211294995	-60.12640160352057
-1515.8617211294995	-69.34385223188681
-1515.8617211294995	-78.56130286025306
-1515.8617211294995	-87.77875348861932
-1515.8617211294995	-96.99620411698555
-1515.8617211294995	-106.2136547453518
-1515.8617211294995	-115.43110537371805
-1515.8617211294995	-124.6485560020843
-1515.8617211294995	-133.86600663045056
-1515.8617211294995	-143.0834572588168
-1515.8617211294995	-152.30090788718303
-1515.8617211294995	-161.5183585155493
-1515.8617211294995	-170.73580914391553
-1515.8617211294995	-179.9532597722818
-1515.8617211294995	-189.17071040064803
-1515.8617211294995	-198.38816102901427
-1515.8617211294995	-207.60561165738054
-1515.8617211294995	-216.82306228574677
-1515.8617211294995	-226.040512914113
-1515.8617211294995	-235.25796354247927
-1506.6442705011334	-244.4754141708455
-1506.6442705011334	-253.69286479921178
-1506.6442705011334	-262.910315427578
-1506.6442705011334	-272.1277660559443
-1506.6442705011334	-281.3452166843105
-1506.6442705011334	-290.56266731267675
-1506.6442705011334	-299.780117941043
-1506.6442705011334	-308.9975685694092
-1506.6442705011334	-318.2150191977755
-1506.6442705011334	-327.43246982614176
-1506.6442705011334	-336.649920454508
-1506.6442705011334	-345.86737108287423
-1506.6442705011334	-355.08482171124047
-1506.6442705011334	-364.30227233960676
-1506.6442705011334	-373.519722967973
-1506.6442705011334	-382.73717359633923
-1506.6442705011334	-391.95462422470547
-1515.8617211294995	-401.1720748530717
-1515.8617211294995	-410.38952548143794
-1525.0791717578659	-419.60697610980424
-1525.0791717578659	-428.8244267381705
-1534.296622386232	-438.0418773665367
-1534.296622386232	-447.25932799490295
-1534.296622386232	-456.4767786232692
-1534.296622386232	-465.6942292516355
-1543.5140730145984	-474.9116798800017
-1543.5140730145984	-484.12913050836795
-1543.5140730145984	-493.3465811367342
-1543.5140730145984	-502.5640317651004
-1552.7315236429645	-511.7814823934667
-1552.7315236429645	-520.998933021833
-1552.7315236429645	-530.2163836501992
-1552.7315236429645	-539.4338342785654
-1543.5140730145984	-548.6512849069317
-1543.5140730145984	-557.8687355352979
-1543.5140730145984	-567.0861861636641
-1534.296622386232	-576.3036367920304
-1525.0791717578659	-585.5210874203967
-1525.0791717578659	-594.738538048763
-1525.0791717578659	-603.9559886771292
-1515.8617211294995	-613.1734393054954
-1515.8617211294995	-622.3908899338617
-1515.8617211294995	-631.6083405622279
-1506.6442705011334	-640.8257911905941
-1506.6442705011334	-650.0432418189604
-1506.6442705011334	-659.2606924473266
-1497.426819872767	-668.4781430756929
-1497.426819872767	-677.6955937040591
-1497.426819872767	-686.9130443324254
-1497.426819872767	-696.1304949607917
-1497.426819872767	-705.3479455891579
-1497.426819872767	-714.5653962175242
-1488.209369244401	-723.7828468458904
-1488.209369244401	-733.0002974742566
-1488.209369244401	-742.2177481026229
-1488.209369244401	-751.4351987309891
-1478.9919186160346	-760.6526493593553
-1478.9919186160346	-769.8700999877216
-1478.9919186160346	-779.0875506160878
-1469.7744679876682	-788.3050012444542
-1460.557017359302	-797.5224518728204
-1460.557017359302	-806.7399025011866
-1460.557017359302	-815.9573531295529
-1460.557017359302	-825.1748037579191
-1451.3395667309358	-834.3922543862853
-1442.1221161025696	-843.6097050146516
-1442.1221161025696	-852.8271556430178
-1442.1221161025696	-862.044606271384
-1432.9046654742033	-871.2620568997503
-1432.9046654742033	-880.4795075281166
-1423.6872148458372	-889.6969581564829
-1423.6872148458372	-898.9144087848491
-1423.6872148458372	-908.1318594132154
-1423.6872148458372	-917.3493100415816
-1423.6872148458372	-926.5667606699478
-1423.6872148458372	-935.7842112983141
-1423.6872148458372	-945.0016619266803
-1414.4697642174708	-954.2191125550465
-1414.4697642174708	-963.4365631834128
-1405.2523135891047	-972.654013811779
-1396.0348629607383	-972.654013811779
-1386.8174123323722	-981.8714644401454
-1377.5999617040059	-991.0889150685116
-1368.3825110756395	-991.0889150685116
-1359.1650604472734	-1000.3063656968778
-1349.947609818907	-1009.5238163252441
-1340.730159190541	-1018.7412669536103
-1331.5127085621746	-1027.9587175819765
-1322.2952579338084	-1037.176168210343
-1313.077807305442	-1046.393618838709
-1303.860356677076	-1055.6110694670754
-1294.6429060487096	-1064.8285200954415
-1285.4254554203435	-1064.8285200954415
-1276.2080047919771	-1074.0459707238078
-1266.9905541636108	-1074.0459707238078
-1257.7731035352447	-1083.263421352174
-1248.5556529068783	-1083.263421352174
-1239.3382022785122	-1092.4808719805403
-1230.1207516501458	-1092.4808719805403
-1220.9033010217797	-1101.6983226089064
-1211.6858503934134	-1101.6983226089064
-1202.4683997650473	-1110.9157732372728
-1193.250949136681	-1110.9157732372728
-1184.0334985083148	-1120.133223865639
-1174.8160478799484	-1129.3506744940053
-1165.598597251582	-1129.3506744940053
-1156.381146623216	-1138.5681251223716
-1147.1636959948496	-1147.7855757507377
-1137.9462453664835	-1157.003026379104
-1128.7287947381171	-1157.003026379104
-1119.511344109751	-1166.2204770074702
-1110.2938934813847	-1175.4379276358366
-1101.0764428530185	-1184.6553782642027
-1091.8589922246522	-1193.872828892569
-1082.641541596286	-1203.0902795209352
-1082.641541596286	-1212.3077301493015
-1073.4240909679197	-1212.3077301493015
-1064.2066403395534	-1221.5251807776676
-1054.9891897111872	-1221.5251807776676
-1045.771739082821	-1230.742631406034
-1036.5542884544548	-1230.742631406034
-1027.3368378260884	-1239.9600820344003
-1018.1193871977222	-1249.1775326627665
-1008.9019365693559	-1249.1775326627665
-999.6844859409897	-1258.3949832911328
-990.4670353126235	-1267.612433919499
-981.2495846842572	-1276.8298845478653
-972.032134055891	-1286.0473351762314
-962.8146834275248	-1286.0473351762314
-953.5972327991585	-1295.2647858045978
-944.3797821707923	-1304.4822364329639
-935.162331542426	-1313.6996870613302
-935.162331542426	-1322.9171376896966
-925.9448809140597	-1322.9171376896966
-916.7274302856935	-1332.1345883180627
-907.5099796573272	-1341.352038946429
-898.292529028961	-1341.352038946429
-889.0750784005947	-1341.352038946429
-879.8576277722285	-1350.5694895747952
-870.6401771438623	-1350.5694895747952
-861.422726515496	-1350.5694895747952
-852.2052758871298	-1350.5694895747952
-842.9878252587636	-1359.7869402031615
-833.7703746303973	-1359.7869402031615
-824.552924002031	-1359.7869402031615
-815.3354733736647	-1359.7869402031615
-806.1180227452985	-1359.7869402031615
-796.9005721169323	-1359.7869402031615
-787.683121488566	-1359.7869402031615
-778.4656708601998	-1359.7869402031615
-769.2482202318336	-1359.7869402031615
-760.0307696034673	-1359.7869402031615
-750.8133189751011	-1369.0043908315276
-741.5958683467348	-1369.0043908315276
-732.3784177183685	-1369.0043908315276
-723.1609670900023	-1369.0043908315276
-713.943516461636	-1378.221841459894
-704.7260658332698	-1378.221841459894
-695.5086152049035	-1387.4392920882601
-686.2911645765373	-1387.4392920882601
-677.0737139481711	-1396.6567427166265
-667.8562633198048	-1405.8741933449926
-658.6388126914386	-1405.8741933449926
-649.4213620630724	-1415.091643973359
-640.2039114347061	-1415.091643973359
-630.9864608063398	-1415.091643973359
-621.7690101779735	-1424.3090946017253
-612.5515595496073	-1415.091643973359
-603.3341089212411	-1415.091643973359
-594.1166582928748	-1415.091643973359
-584.8992076645086	-1415.091643973359
-575.6817570361424	-1415.091643973359
-566.4643064077761	-1415.091643973359
-557.2468557794099	-1424.3090946017253
-548.0294051510436	-1424.3090946017253
-538.8119545226774	-1424.3090946017253
-529.5945038943111	-1424.3090946017253
-520.3770532659448	-1433.5265452300914
-511.1596026375786	-1442.7439958584578
-501.94215200921235	-1451.961446486824
-492.7247013808461	-1461.1788971151902
-483.5072507524799	-1470.3963477435564
-483.5072507524799	-1479.6137983719227
-474.28980012411364	-1479.6137983719227
-465.0723494957474	-1488.8312490002888
-455.8548988673811	-1498.0486996286552
-446.6374482390149	-1498.0486996286552
-437.41999761064864	-1498.0486996286552
-428.2025469822824	-1507.2661502570213
-418.98509635391616	-1507.2661502570213
-409.76764572554987	-1498.0486996286552
-400.55019509718363	-1498.0486996286552
-391.3327444688174	-1507.2661502570213
-382.11529384045116	-1507.2661502570213
-372.8978432120849	-1507.2661502570213
-363.68039258371863	-1516.4836008853877
-354.4629419553524	-1516.4836008853877
-345.24549132698615	-1516.4836008853877
-336.0280406986199	-1516.4836008853877
-326.8105900702537	-1525.701051513754
-317.59313944188744	-1534.9185021421201
-308.37568881352115	-1534.9185021421201
-299.1582381851549	-1534.9185021421201
-289.9407875567887	-1544.1359527704865
-280.72333692842244	-1553.3534033988526
-271.5058863000562	-1553.3534033988526
-262.2884356716899	-1553.3534033988526
-253.07098504332367	-1553.3534033988526
-243.85353441495744	-1553.3534033988526
-234.6360837865912	-1553.3534033988526
-225.41863315822494	-1562.570854027219
-216.2011825298587	-1562.570854027219
-206.98373190149246	-1562.570854027219
-197.7662812731262	-1571.788304655585
-188.54883064475996	-1571.788304655585
-179.3313800163937	-1571.788304655585
-170.11392938802746	-1581.0057552839514
-160.89647875966122	-1581.0057552839514
-151.67902813129496	-1581.0057552839514
-142.46157750292872	-1581.0057552839514
-133.24412687456248	-1581.0057552839514
-124.02667624619622	-1581.0057552839514
-114.80922561782998	-1581.0057552839514
-105.59177498946373	-1581.0057552839514
-96.37432436109748	-1581.0057552839514
-87.15687373273123	-1581.0057552839514
-77.93942310436499	-1581.0057552839514
-68.72197247599874	-1581.0057552839514
-59.50452184763249	-1581.0057552839514
-50.287071219266245	-1581.0057552839514
-41.069620590899994	-1581.0057552839514
-31.85216996253375	-1581.0057552839514
-22.634719334167503	-1581.0057552839514
-13.417268705801256	-1581.0057552839514
-4.199818077435007	-1571.788304655585
5.01763255093124	-1571.788304655585
14.235083179297487	-1571.788304655585
23.452533807663734	-1571.788304655585
32.669984436029985	-1571.788304655585
41.88743506439623	-1571.788304655585
51.10488569276248	-1571.788304655585
60.322336321128724	-1571.788304655585
69.53978694949497	-1571.788304655585
78.75723757786122	-1571.788304655585
87.97468820622747	-1571.788304655585
97.19213883459372	-1571.788304655585
106.40958946295996	-1571.788304655585
115.62704009132621	-1571.788304655585
124.84449071969246	-1571.788304655585
134.0619413480587	-1571.788304655585
143.27939197642496	-1581.0057552839514
152.4968426047912	-1581.0057552839514
161.71429323315743	-1581.0057552839514
170.9317438615237	-1581.0057552839514
180.14919448988994	-1581.0057552839514
189.3666451182562	-1581.0057552839514
198.58409574662244	-1581.0057552839514
207.80154637498867	-1581.0057552839514
217.01899700335494	-1581.0057552839514
226.23644763172118	-1581.0057552839514
235.4538982600874	-1581.0057552839514
244.67134888845368	-1581.0057552839514
253.88879951681992	-1581.0057552839514
263.10625014518615	-1581.0057552839514
272.3237007735524	-1581.0057552839514
281.5411514019187	-1581.0057552839514
290.7586020302849	-1590.2232059123176
299.97605265865116	-1590.2232059123176
309.1935032870174	-1590.2232059123176
318.41095391538363	-1590.2232059123176
327.6284045437499	-1590.2232059123176
336.84585517211616	-1590.2232059123176
346.0633058004824	-1590.2232059123176
355.28075642884863	-1590.2232059123176
364.49820705721487	-1599.440656540684
373.71565768558116	-1599.440656540684
382.9331083139474	-1599.440656540684
392.15055894231364	-1599.440656540684
401.3680095706799	-1599.440656540684
410.5854601990461	-1599.440656540684
419.80291082741235	-1599.440656540684
429.02036145577864	-1599.440656540684
438.2378120841449	-1599.440656540684
447.4552627125111	-1608.65810716905
456.67271334087735	-1608.65810716905
465.8901639692436	-1608.65810716905
475.1076145976099	-1608.65810716905
484.3250652259761	-1608.65810716905
493.54251585434235	-1608.65810716905
502.7599664827086	-1608.65810716905
511.97741711107483	-1608.65810716905
521.1948677394411	-1608.65810716905
530.4123183678073	-1608.65810716905
539.6297689961735	-1608.65810716905
548.8472196245399	-1608.65810716905
558.0646702529061	-1599.440656540684
567.2821208812724	-1599.440656540684
576.4995715096386	-1599.440656540684
585.7170221380048	-1599.440656540684
594.9344727663711	-1599.440656540684
604.1519233947373	-1599.440656540684
613.3693740231035	-1599.440656540684
622.5868246514698	-1590.2232059123176
631.804275279836	-1590.2232059123176
641.0217259082023	-1581.0057552839514
650.2391765365686	-1581.0057552839514
659.4566271649348	-1571.788304655585
668.6740777933011	-1571.788304655585
677.8915284216673	-1562.570854027219
687.1089790500336	-1562.570854027219
696.3264296783998	-1562.570854027219
705.543880306766	-1562.570854027219
714.7613309351323	-1562.570854027219
723.9787815634985	-1562.570854027219
733.1962321918647	-1562.570854027219
742.4136828202311	-1562.570854027219
751.6311334485973	-1562.570854027219
760.8485840769636	-1562.570854027219
770.0660347053298	-1553.3534033988526
779.283485333696	-1553.3534033988526
788.5009359620623	-1553.3534033988526
797.7183865904285	-1553.3534033988526
806.9358372187947	-1544.1359527704865
816.153287847161	-1544.1359527704865
825.3707384755272	-1544.1359527704865
834.5881891038935	-1534.9185021421201
843.8056397322598	-1544.1359527704865
853.023090360626	-1544.1359527704865
862.2405409889923	-1544.1359527704865
871.4579916173585	-1544.1359527704865
880.6754422457248	-1544.1359527704865
889.892892874091	-1544.1359527704865
899.1103435024572	-1544.1359527704865
908.3277941308235	-1544.1359527704865
917.5452447591897	-1544.1359527704865
926.7626953875559	-1544.1359527704865
935.9801460159222	-1544.1359527704865
945.1975966442885	-1544.1359527704865
954.4150472726548	-1544.1359527704865
963.632497901021	-1544.1359527704865
972.8499485293872	-1544.1359527704865
982.0673991577535	-1544.1359527704865
991.2848497861197	-1534.9185021421201
1000.502300414486	-1534.9185021421201
1009.7197510428522	-1534.9185021421201
1018.9372016712184	-1525.701051513754
1028.1546522995848	-1525.701051513754
1037.372102927951	-1525.701051513754
1046.5895535563172	-1525.701051513754
1055.8070041846834	-1525.701051513754
1065.0244548130497	-1525.701051513754
1074.2419054414158	-1516.4836008853877
1083.4593560697822	-1516.4836008853877
1092.6768066981485	-1516.4836008853877
1101.8942573265147	-1516.4836008853877
1111.111707954881	-1507.2661502570213
1120.3291585832471	-1507.2661502570213
1129.5466092116135	-1507.2661502570213
1138.7640598399796	-1507.2661502570213
1147.981510468346	-1498.0486996286552
1157.198961096712	-1498.0486996286552
1166.4164117250784	-1488.8312490002888
1175.6338623534446	-1479.6137983719227
1184.851312981811	-1470.3963477435564
1194.0687636101773	-1461.1788971151902
1203.2862142385434	-1451.961446486824
1212.5036648669097	-1451.961446486824
1221.7211154952759	-1442.7439958584578
1230.9385661236422	-1433.5265452300914
1240.1560167520083	-1424.3090946017253
1249.3734673803747	-1415.091643973359
1258.5909180087408	-1405.8741933449926
1267.8083686371072	-1396.6567427166265
1277.0258192654733	-1396.6567427166265
1286.2432698938396	-1387.4392920882601
1295.460720522206	-1378.221841459894
1304.678171150572	-1369.0043908315276
1313.8956217789384	-1359.7869402031615
1323.1130724073046	-1350.5694895747952
1323.1130724073046	-1341.352038946429
1332.330523035671	-1332.1345883180627
1332.330523035671	-1322.9171376896966
1341.547973664037	-1313.6996870613302
1341.547973664037	-1304.4822364329639
1341.547973664037	-1295.2647858045978
1341.547973664037	-1286.0473351762314
1341.547973664037	-1276.8298845478653
1341.547973664037	-1267.612433919499
1350.7654242924034	-1258.3949832911328
1350.7654242924034	-1249.1775326627665
1350.7654242924034	-1239.9600820344003
1350.7654242924034	-1230.742631406034
1350.7654242924034	-1221.5251807776676
1350.7654242924034	-1212.3077301493015
1350.7654242924034	-1203.0902795209352
1350.7654242924034	-1193.872828892569
1350.7654242924034	-1184.6553782642027
1359.9828749207695	-1175.4379276358366
1359.9828749207695	-1166.2204770074702
1359.9828749207695	-1157.003026379104
1359.9828749207695	-1147.7855757507377
1369.2003255491359	-1138.5681251223716
1369.2003255491359	-1129.3506744940053
1369.2003255491359	-1120.133223865639
1378.417776177502	-1110.9157732372728
1378.417776177502	-1101.6983226089064
1378.417776177502	-1092.4808719805403
1387.6352268058683	-1083.263421352174
1387.6352268058683	-1074.0459707238078
1387.6352268058683	-1064.8285200954415
1396.8526774342347	-1055.6110694670754
1396.8526774342347	-1046.393618838709
1396.8526774342347	-1037.176168210343
1387.6352268058683	-1027.9587175819765
1396.8526774342347	-1018.7412669536103
1396.8526774342347	-1009.5238163252441
1396.8526774342347	-1000.3063656968778
1396.8526774342347	-991.0889150685116
1396.8526774342347	-981.8714644401454
1406.0701280626008	-972.654013811779
1406.0701280626008	-963.4365631834128
1406.0701280626008	-954.2191125550465
1406.0701280626008	-945.0016619266803
1406.0701280626008	-935.7842112983141
1406.0701280626008	-926.5667606699478
1406.0701280626008	-917.3493100415816
1406.0701280626008	-908.1318594132154
1406.0701280626008	-898.9144087848491
1406.0701280626008	-889.6969581564829
1406.0701280626008	-880.4795075281166
1406.0701280626008	-871.2620568997503
1406.0701280626008	-862.044606271384
1406.0701280626008	-852.8271556430178
1406.0701280626008	-843.6097050146516
1406.0701280626008	-834.3922543862853
1406.0701280626008	-825.1748037579191
1406.0701280626008	-815.9573531295529
1406.0701280626008	-806.7399025011866
1406.0701280626008	-797.5224518728204
1406.0701280626008	-788.3050012444542
1406.0701280626008	-779.0875506160878
1406.0701280626008	-769.8700999877216
1406.0701280626008	-760.6526493593553
1406.0701280626008	-751.4351987309891
1406.0701280626008	-742.2177481026229
1406.0701280626008	-733.0002974742566
1406.0701280626008	-723.7828468458904
1406.0701280626008	-714.5653962175242
1406.0701280626008	-705.3479455891579
1406.0701280626008	-696.1304949607917
1406.0701280626008	-686.9130443324254
1396.8526774342347	-677.6955937040591
1396.8526774342347	-668.4781430756929
1396.8526774342347	-659.2606924473266
1387.6352268058683	-650.0432418189604
1387.6352268058683	-640.8257911905941
1387.6352268058683	-631.6083405622279
1387.6352268058683	-622.3908899338617
1387.6352268058683	-613.1734393054954
1387.6352268058683	-603.9559886771292
1378.417776177502	-594.738538048763
1378.417776177502	-585.5210874203967
1378.417776177502	-576.3036367920304
1369.2003255491359	-567.0861861636641
1369.2003255491359	-557.8687355352979
1369.2003255491359	-548.6512849069317
1369.2003255491359	-539.4338342785654
1369.2003255491359	-530.2163836501992
1369.2003255491359	-520.998933021833
1369.2003255491359	-511.7814823934667
1369.2003255491359	-502.5640317651004
1369.2003255491359	-493.3465811367342
1369.2003255491359	-484.12913050836795
1378.417776177502	-474.9116798800017
1378.417776177502	-465.6942292516355
1378.417776177502	-456.4767786232692
1378.417776177502	-447.25932799490295
1378.417776177502	-438.0418773665367
1378.417776177502	-428.8244267381705
1378.417776177502	-419.60697610980424
1378.417776177502	-410.38952548143794
1378.417776177502	-401.1720748530717
1369.2003255491359	-391.95462422470547
1369.2003255491359	-382.73717359633923
1369.2003255491359	-373.519722967973
1369.2003255491359	-364.30227233960676
1369.2003255491359	-355.08482171124047
1359.9828749207695	-345.86737108287423
1359.9828749207695	-336.649920454508
1359.9828749207695	-327.43246982614176
1359.9828749207695	-318.2150191977755
1359.9828749207695	-308.9975685694092
1359.9828749207695	-299.780117941043
1359.9828749207695	-290.56266731267675
1359.9828749207695	-281.3452166843105
1359.9828749207695	-272.1277660559443
1350.7654242924034	-262.910315427578
1350.7654242924034	-253.69286479921178
1350.7654242924034	-244.4754141708455
1341.547973664037	-235.25796354247927
1341.547973664037	-226.040512914113
1341.547973664037	-216.82306228574677
1332.330523035671	-207.60561165738054
1332.330523035671	-198.38816102901427
1332.330523035671	-189.17071040064803
1323.1130724073046	-179.9532597722818
1323.1130724073046	-170.73580914391553
1323.1130724073046	-161.5183585155493
1313.8956217789384	-152.30090788718303
1313.8956217789384	-143.0834572588168
1313.8956217789384	-133.86600663045056
1313.8956217789384	-124.6485560020843
1313.8956217789384	-115.43110537371805
1313.8956217789384	-106.2136547453518
1313.8956217789384	-96.99620411698555
1313.8956217789384	-87.77875348861932
1313.8956217789384	-78.56130286025306
1313.8956217789384	-69.34385223188681
1313.8956217789384	-60.12640160352057
1313.8956217789384	-50.90895097515432
1313.8956217789384	-41.691500346788075
1313.8956217789384	-32.474049718421824
1313.8956217789384	-23.25659909005558
1313.8956217789384	-14.039148461689331
1313.8956217789384	-4.821697833323084
1313.8956217789384	4.395752795043164
1313.8956217789384	13.613203423409411
1313.8956217789384	22.830654051775657
1313.8956217789384	32.048104680141904
1313.8956217789384	41.265555308508155
1313.8956217789384	50.4830059368744
1313.8956217789384	59.70045656524065
1313.8956217789384	68.9179071936069
1313.8956217789384	78.13535782197314
1313.8956217789384	87.3528084503394
1313.8956217789384	96.57025907870563
1323.1130724073046	105.78770970707188
1323.1130724073046	115.00516033543813
1323.1130724073046	124.22261096380439
1332.330523035671	133.44006159217062
1332.330523035671	142.6575122205369
1332.330523035671	151.87496284890312
1332.330523035671	161.09241347726936
1332.330523035671	170.30986410563563
1332.330523035671	179.52731473400186
1332.330523035671	188.7447653623681
1332.330523035671	197.96221599073436
1332.330523035671	207.1796666191006
1332.330523035671	216.39711724746687
1332.330523035671	225.6145678758331
1332.330523035671	234.83201850419934
1332.330523035671	244.0494691325656
1323.1130724073046	253.26691976093184
1323.1130724073046	262.4843703892981
1323.1130724073046	271.7018210176643
1313.8956217789384	280.9192716460306
1313.8956217789384	290.13672227439685
1313.8956217789384	299.3541729027631
1313.8956217789384	308.5716235311293
1304.678171150572	317.78907415949556
1304.678171150572	327.00652478786185
1304.678171150572	336.2239754162281
1304.678171150572	345.4414260445943
1304.678171150572	354.65887667296056
1304.678171150572	363.8763273013268
1304.678171150572	373.09377792969303
1304.678171150572	382.3112285580593
1304.678171150572	391.52867918642556
1295.460720522206	400.7461298147918
1295.460720522206	409.96358044315804
1295.460720522206	419.1810310715243
1295.460720522206	428.39848169989057
1295.460720522206	437.6159323282568
1286.2432698938396	446.83338295662304
1286.2432698938396	456.0508335849893
1286.2432698938396	465.2682842133555
1286.2432698938396	474.4857348417218
1286.2432698938396	483.70318547008804
1286.2432698938396	492.9206360984543
1286.2432698938396	502.1380867268205
1286.2432698938396	511.35553735518675
1286.2432698938396	520.572987983553
1286.2432698938396	529.7904386119193
1286.2432698938396	539.0078892402855
1286.2432698938396	548.2253398686518
1277.0258192654733	557.442790497018
1277.0258192654733	566.6602411253842
1267.8083686371072	575.8776917537505
1267.8083686371072	585.0951423821167
1267.8083686371072	594.3125930104829
1258.5909180087408	603.5300436388493
1267.8083686371072	612.7474942672155
1267.8083686371072	621.9649448955818
1258.5909180087408	631.182395523948
1258.5909180087408	640.3998461523142
1258.5909180087408	649.6172967806805
1258.5909180087408	658.8347474090467
1258.5909180087408	668.052198037413
1249.3734673803747	677.2696486657792
1249.3734673803747	686.4870992941454
1249.3734673803747	695.7045499225118
1240.1560167520083	704.922000550878
1240.1560167520083	714.1394511792442
1240.1560167520083	723.3569018076105
1230.9385661236422	732.5743524359767
1230.9385661236422	741.791803064343
1221.7211154952759	751.0092536927092
1221.7211154952759	760.2267043210754
1212.5036648669097	769.4441549494417
1212.5036648669097	778.6616055778079
1203.2862142385434	787.8790562061741
1194.0687636101773	797.0965068345405
1194.0687636101773	806.3139574629067
1184.851312981811	815.531408091273
1184.851312981811	824.7488587196392
1175.6338623534446	833.9663093480054
1175.6338623534446	843.1837599763717
1166.4164117250784	852.4012106047379
1166.4164117250784	861.6186612331041
1166.4164117250784	870.8361118614704
1166.4164117250784	880.0535624898366
1166.4164117250784	889.2710131182029
1166.4164117250784	898.4884637465692
1166.4164117250784	907.7059143749354
1166.4164117250784	916.9233650033017
1166.4164117250784	926.1408156316679
1166.4164117250784	935.3582662600342
1166.4164117250784	944.5757168884004
1166.4164117250784	953.7931675167666
1157.198961096712	963.0106181451329
1157.198961096712	972.2280687734991
1147.981510468346	981.4455194018653
1147.981510468346	990.6629700302317
1138.7640598399796	999.8804206585979
1138.7640598399796	1009.0978712869642
1129.5466092116135	1018.3153219153304
1129.5466092116135	1027.5327725436966
1129.5466092116135	1036.7502231720628
1120.3291585832471	1045.967673800429
1120.3291585832471	1055.1851244287955
1120.3291585832471	1064.4025750571616
1120.3291585832471	1073.620025685528
1111.111707954881	1082.837476313894
1111.111707954881	1092.0549269422604
1101.8942573265147	1101.2723775706265
1101.8942573265147	1110.4898281989929
1101.8942573265147	1119.707278827359
1092.6768066981485	1128.9247294557254
1092.6768066981485	1138.1421800840917
1092.6768066981485	1147.3596307124578
1083.4593560697822	1156.5770813408242
1083.4593560697822	1165.7945319691903
1074.2419054414158	1175.0119825975567
1074.2419054414158	1184.2294332259228
1065.0244548130497	1193.4468838542891
1065.0244548130497	1202.6643344826552
1055.8070041846834	1211.8817851110216
1055.8070041846834	1221.0992357393877
1046.5895535563172	1230.316686367754
1037.372102927951	1239.5341369961204
1028.1546522995848	1248.7515876244865
1018.9372016712184	1257.969038252853
1018.9372016712184	1267.186488881219
1018.9372016712184	1276.4039395095854
1009.7197510428522	1285.6213901379515
1009.7197510428522	1294.8388407663178
1000.502300414486	1304.056291394684
1000.502300414486	1313.2737420230503
991.2848497861197	1322.4911926514164
991.2848497861197	1331.7086432797828
982.0673991577535	1340.9260939081491
982.0673991577535	1350.1435445365153
972.8499485293872	1359.3609951648816
963.632497901021	1368.5784457932477
963.632497901021	1377.795896421614
954.4150472726548	1387.0133470499802
945.1975966442885	1396.2307976783466
945.1975966442885	1405.4482483067127
935.9801460159222	1414.665698935079
926.7626953875559	1423.8831495634452
917.5452447591897	1433.1006001918115
917.5452447591897	1442.3180508201779
908.3277941308235	1451.535501448544
899.1103435024572	1460.7529520769103
889.892892874091	1469.9704027052765
880.6754422457248	1479.1878533336428
871.4579916173585	1488.405303962009
862.2405409889923	1488.405303962009
853.023090360626	1497.6227545903753
843.8056397322598	1506.8402052187414
834.5881891038935	1516.0576558471078
825.3707384755272	1525.2751064754739
816.153287847161	1534.4925571038402
806.9358372187947	1543.7100077322066
797.7183865904285	1552.9274583605727
788.5009359620623	1562.144908988939
779.283485333696	1571.3623596173052
770.0660347053298	1580.5798102456715
760.8485840769636	1589.7972608740376
760.8485840769636	1599.014711502404
751.6311334485973	1608.2321621307701
742.4136828202311	1617.4496127591365
742.4136828202311	1626.6670633875026
733.1962321918647	1635.884514015869
723.9787815634985	1645.1019646442353
714.7613309351323	1654.3194152726014
705.543880306766	1663.5368659009678
696.3264296783998	1663.5368659009678
687.1089790500336	1672.754316529334
677.8915284216673	1672.754316529334
668.6740777933011	1681.9717671577002
659.4566271649348	1681.9717671577002
650.2391765365686	1681.9717671577002
641.0217259082023	1681.9717671577002
631.804275279836	1691.1892177860664
622.5868246514698	1681.9717671577002
613.3693740231035	1681.9717671577002
604.1519233947373	1681.9717671577002
594.9344727663711	1691.1892177860664
585.7170221380048	1691.1892177860664
576.4995715096386	1691.1892177860664
567.2821208812724	1691.1892177860664
558.0646702529061	1691.1892177860664
548.8472196245399	1700.4066684144327
539.6297689961735	1700.4066684144327
530.4123183678073	1700.4066684144327
521.1948677394411	1700.4066684144327
511.97741711107483	1709.6241190427988
502.7599664827086	1709.6241190427988
493.54251585434235	1709.6241190427988
484.3250652259761	1709.6241190427988
475.1076145976099	1709.6241190427988
465.8901639692436	1709.6241190427988
456.67271334087735	1718.8415696711652
447.4552627125111	1718.8415696711652
438.2378120841449	1718.8415696711652
429.02036145577864	1718.8415696711652
419.80291082741235	1718.8415696711652
410.5854601990461	1718.8415696711652
401.3680095706799	1718.8415696711652
392.15055894231364	1718.8415696711652
382.9331083139474	1718.8415696711652
373.71565768558116	1709.6241190427988
364.49820705721487	1709.6241190427988
355.28075642884863	1709.6241190427988
346.0633058004824	1709.6241190427988
336.84585517211616	1709.6241190427988
327.6284045437499	1709.6241190427988
318.41095391538363	1709.6241190427988
309.1935032870174	1709.6241190427988
299.97605265865116	1709.6241190427988
290.7586020302849	1709.6241190427988
281.5411514019187	1709.6241190427988
272.3237007735524	1709.6241190427988
263.10625014518615	1709.6241190427988
