# particle morphology
# using file: 37-05X-H.png
#
#x/µm	y/µm
210.6813126721758	2059.6600006887056
200.48922933884248	2059.6600006887056
190.29714600550912	2059.6600006887056
180.1050626721758	2059.6600006887056
169.91297933884246	2059.6600006887056
159.72089600550913	2059.6600006887056
149.5288126721758	2069.852084022039
139.33672933884245	2080.044167355372
129.14464600550912	2080.044167355372
118.95256267217579	2080.044167355372
108.76047933884246	2080.044167355372
98.56839600550911	2080.044167355372
88.37631267217579	2080.044167355372
78.18422933884246	2080.044167355372
67.99214600550911	2080.044167355372
57.800062672175784	2080.044167355372
47.60797933884245	2080.044167355372
37.41589600550911	2080.044167355372
27.22381267217578	2080.044167355372
17.031729338842446	2080.044167355372
6.839646005509111	2080.044167355372
-3.3524373278242243	2080.044167355372
-13.54452066115756	2080.044167355372
-23.736603994490892	2069.852084022039
-33.92868732782423	2069.852084022039
-44.120770661157565	2069.852084022039
-54.312853994490894	2069.852084022039
-64.50493732782424	2069.852084022039
-74.69702066115757	2059.6600006887056
-84.8891039944909	2059.6600006887056
-95.08118732782424	2059.6600006887056
-105.27327066115757	2059.6600006887056
-115.4653539944909	2059.6600006887056
-125.65743732782424	2059.6600006887056
-135.84952066115758	2049.4679173553723
-146.0416039944909	2049.4679173553723
-156.23368732782424	2039.2758340220387
-166.42577066115757	2039.2758340220387
-176.6178539944909	2029.0837506887053
-186.80993732782426	2029.0837506887053
-197.0020206611576	2029.0837506887053
-207.19410399449092	2029.0837506887053
-217.38618732782425	2029.0837506887053
-227.57827066115757	2029.0837506887053
-237.7703539944909	2029.0837506887053
-247.96243732782426	2029.0837506887053
-258.15452066115756	2029.0837506887053
-268.3466039944909	2029.0837506887053
-278.5386873278243	2029.0837506887053
-288.7307706611576	2039.2758340220387
-298.92285399449094	2039.2758340220387
-309.11493732782424	2039.2758340220387
-319.3070206611576	2039.2758340220387
-329.49910399449095	2049.4679173553723
-339.69118732782425	2049.4679173553723
-349.8832706611576	2049.4679173553723
-360.0753539944909	2049.4679173553723
-370.26743732782427	2049.4679173553723
-380.4595206611576	2049.4679173553723
-390.6516039944909	2049.4679173553723
-400.8436873278243	2049.4679173553723
-411.0357706611576	2059.6600006887056
-421.22785399449094	2049.4679173553723
-431.4199373278243	2049.4679173553723
-441.6120206611576	2049.4679173553723
-451.80410399449096	2049.4679173553723
-461.99618732782426	2049.4679173553723
-472.1882706611576	2049.4679173553723
-482.3803539944909	2049.4679173553723
-492.5724373278243	2049.4679173553723
-502.76452066115763	2049.4679173553723
-512.9566039944909	2049.4679173553723
-523.1486873278243	2049.4679173553723
-533.3407706611576	2049.4679173553723
-543.532853994491	2049.4679173553723
-553.7249373278243	2049.4679173553723
-563.9170206611576	2039.2758340220387
-574.109103994491	2039.2758340220387
-584.3011873278243	2039.2758340220387
-594.4932706611577	2039.2758340220387
-604.6853539944909	2039.2758340220387
-614.8774373278243	2039.2758340220387
-625.0695206611576	2039.2758340220387
-635.261603994491	2029.0837506887053
-645.4536873278242	2039.2758340220387
-655.6457706611576	2039.2758340220387
-665.837853994491	2039.2758340220387
-676.0299373278243	2039.2758340220387
-686.2220206611577	2039.2758340220387
-696.4141039944909	2029.0837506887053
-706.6061873278243	2018.8916673553722
-716.7982706611576	2008.6995840220388
-726.990353994491	2008.6995840220388
-737.1824373278243	2008.6995840220388
-747.3745206611576	2008.6995840220388
-757.566603994491	2018.8916673553722
-767.7586873278243	2018.8916673553722
-777.9507706611577	2018.8916673553722
-788.142853994491	2018.8916673553722
-798.3349373278243	2018.8916673553722
-808.5270206611576	2018.8916673553722
-818.719103994491	2018.8916673553722
-828.9111873278243	2018.8916673553722
-839.1032706611577	2008.6995840220388
-849.2953539944909	2008.6995840220388
-859.4874373278243	2008.6995840220388
-869.6795206611577	2008.6995840220388
-879.871603994491	1998.5075006887055
-890.0636873278244	1998.5075006887055
-900.2557706611576	1998.5075006887055
-910.447853994491	1988.3154173553721
-920.6399373278243	1988.3154173553721
-930.8320206611577	1978.1233340220388
-941.024103994491	1978.1233340220388
-951.2161873278243	1978.1233340220388
-961.4082706611576	1967.9312506887054
-971.600353994491	1967.9312506887054
-981.7924373278244	1967.9312506887054
-991.9845206611577	1967.9312506887054
-1002.176603994491	1957.739167355372
-1012.3686873278243	1957.739167355372
-1022.5607706611577	1957.739167355372
-1032.752853994491	1957.739167355372
-1042.9449373278244	1957.739167355372
-1053.1370206611577	1957.739167355372
-1063.329103994491	1957.739167355372
-1073.5211873278242	1957.739167355372
-1083.7132706611576	1947.5470840220387
-1093.905353994491	1947.5470840220387
-1104.0974373278243	1947.5470840220387
-1114.2895206611577	1947.5470840220387
-1124.481603994491	1947.5470840220387
-1134.6736873278244	1937.3550006887053
-1144.8657706611577	1937.3550006887053
-1155.057853994491	1937.3550006887053
-1165.2499373278245	1927.162917355372
-1175.4420206611576	1927.162917355372
-1185.634103994491	1916.9708340220388
-1195.8261873278243	1916.9708340220388
-1206.0182706611577	1906.7787506887055
-1216.210353994491	1906.7787506887055
-1226.4024373278244	1896.5866673553721
-1236.5945206611577	1896.5866673553721
-1246.786603994491	1896.5866673553721
-1256.9786873278244	1896.5866673553721
-1267.1707706611578	1896.5866673553721
-1277.362853994491	1886.3945840220388
-1287.5549373278243	1886.3945840220388
-1297.7470206611576	1886.3945840220388
-1307.939103994491	1886.3945840220388
-1318.1311873278244	1886.3945840220388
-1328.3232706611577	1886.3945840220388
-1338.515353994491	1886.3945840220388
-1348.7074373278244	1886.3945840220388
-1358.8995206611578	1886.3945840220388
-1369.0916039944912	1886.3945840220388
-1379.2836873278243	1886.3945840220388
-1389.4757706611576	1886.3945840220388
-1399.667853994491	1886.3945840220388
-1409.8599373278244	1876.2025006887054
-1420.0520206611577	1876.2025006887054
-1430.244103994491	1876.2025006887054
-1440.4361873278244	1866.010417355372
-1450.6282706611578	1866.010417355372
-1460.8203539944911	1855.8183340220387
-1471.0124373278245	1855.8183340220387
-1481.2045206611576	1855.8183340220387
-1491.396603994491	1855.8183340220387
-1501.5886873278243	1855.8183340220387
-1511.7807706611577	1855.8183340220387
-1521.972853994491	1855.8183340220387
-1532.1649373278244	1855.8183340220387
-1542.3570206611578	1855.8183340220387
-1552.5491039944911	1855.8183340220387
-1562.7411873278245	1855.8183340220387
-1572.9332706611578	1845.6262506887053
-1583.125353994491	1845.6262506887053
-1593.3174373278243	1845.6262506887053
-1603.5095206611577	1845.6262506887053
-1613.701603994491	1845.6262506887053
-1623.8936873278244	1845.6262506887053
-1634.0857706611578	1835.434167355372
-1644.2778539944911	1835.434167355372
-1654.4699373278245	1835.434167355372
-1664.6620206611578	1835.434167355372
-1674.854103994491	1835.434167355372
-1685.0461873278243	1825.2420840220386
-1695.2382706611577	1825.2420840220386
-1705.430353994491	1825.2420840220386
-1715.6224373278244	1815.0500006887055
-1725.8145206611578	1815.0500006887055
-1736.0066039944911	1815.0500006887055
-1746.1986873278245	1804.8579173553721
-1756.3907706611578	1804.8579173553721
-1766.5828539944912	1794.6658340220388
-1776.7749373278243	1794.6658340220388
-1786.9670206611577	1784.4737506887054
-1797.159103994491	1784.4737506887054
-1807.3511873278244	1774.281667355372
-1817.5432706611577	1774.281667355372
-1827.735353994491	1764.0895840220387
-1837.9274373278245	1753.8975006887053
-1848.1195206611578	1743.705417355372
-1858.3116039944912	1743.705417355372
-1868.5036873278245	1733.5133340220386
-1878.6957706611577	1733.5133340220386
-1888.887853994491	1723.3212506887053
-1899.0799373278244	1723.3212506887053
-1909.2720206611577	1713.1291673553721
-1919.464103994491	1713.1291673553721
-1929.6561873278245	1702.9370840220388
-1939.8482706611578	1702.9370840220388
-1950.0403539944912	1702.9370840220388
-1960.2324373278245	1692.7450006887054
-1970.4245206611579	1692.7450006887054
-1980.616603994491	1682.552917355372
-1990.8086873278244	1672.3608340220387
-2001.0007706611577	1672.3608340220387
-2011.192853994491	1662.1687506887054
-2021.3849373278244	1651.976667355372
-2031.5770206611578	1651.976667355372
-2041.7691039944912	1641.7845840220386
-2051.9611873278245	1631.5925006887053
-2062.153270661158	1621.400417355372
-2072.3453539944912	1611.2083340220388
-2082.5374373278246	1601.0162506887054
-2082.5374373278246	1590.824167355372
-2092.729520661158	1580.6320840220387
-2102.9216039944913	1570.4400006887054
-2113.1136873278247	1560.247917355372
-2123.305770661158	1550.0558340220387
-2123.305770661158	1539.8637506887053
-2133.497853994491	1529.671667355372
-2143.6899373278243	1519.4795840220388
-2153.8820206611576	1509.2875006887054
-2153.8820206611576	1499.095417355372
-2164.074103994491	1488.9033340220387
-2174.2661873278244	1478.7112506887054
-2174.2661873278244	1468.519167355372
-2174.2661873278244	1458.3270840220387
-2184.4582706611577	1448.1350006887053
-2184.4582706611577	1437.942917355372
-2184.4582706611577	1427.7508340220386
-2184.4582706611577	1417.5587506887055
-2184.4582706611577	1407.366667355372
-2184.4582706611577	1397.1745840220387
-2184.4582706611577	1386.9825006887054
-2184.4582706611577	1376.790417355372
-2184.4582706611577	1366.5983340220387
-2184.4582706611577	1356.4062506887053
-2184.4582706611577	1346.214167355372
-2174.2661873278244	1336.0220840220386
-2174.2661873278244	1325.8300006887052
-2174.2661873278244	1315.637917355372
-2174.2661873278244	1305.4458340220388
-2174.2661873278244	1295.2537506887054
-2164.074103994491	1285.061667355372
-2164.074103994491	1274.8695840220387
-2164.074103994491	1264.6775006887053
-2164.074103994491	1254.485417355372
-2164.074103994491	1244.2933340220386
-2174.2661873278244	1234.1012506887052
-2174.2661873278244	1223.909167355372
-2164.074103994491	1213.7170840220388
-2164.074103994491	1203.5250006887054
-2153.8820206611576	1193.332917355372
-2153.8820206611576	1183.1408340220387
-2153.8820206611576	1172.9487506887053
-2143.6899373278243	1162.756667355372
-2143.6899373278243	1152.5645840220386
-2133.497853994491	1142.3725006887053
-2133.497853994491	1132.180417355372
-2133.497853994491	1121.9883340220385
-2123.305770661158	1111.7962506887054
-2123.305770661158	1101.604167355372
-2113.1136873278247	1091.4120840220387
-2113.1136873278247	1081.2200006887053
-2113.1136873278247	1071.027917355372
-2102.9216039944913	1060.8358340220386
-2092.729520661158	1050.6437506887053
-2092.729520661158	1040.451667355372
-2092.729520661158	1030.2595840220386
-2092.729520661158	1020.0675006887053
-2082.5374373278246	1009.875417355372
-2082.5374373278246	999.6833340220386
-2072.3453539944912	989.4912506887053
-2072.3453539944912	979.299167355372
-2062.153270661158	969.1070840220386
-2062.153270661158	958.9150006887053
-2062.153270661158	948.7229173553719
-2072.3453539944912	938.5308340220387
-2072.3453539944912	928.3387506887053
-2082.5374373278246	918.146667355372
-2072.3453539944912	907.9545840220386
-2062.153270661158	897.7625006887052
-2051.9611873278245	887.570417355372
-2051.9611873278245	877.3783340220386
-2041.7691039944912	867.1862506887053
-2041.7691039944912	856.9941673553719
-2031.5770206611578	846.8020840220386
-2031.5770206611578	836.6100006887053
-2021.3849373278244	826.417917355372
-2021.3849373278244	816.2258340220386
-2021.3849373278244	806.0337506887053
-2021.3849373278244	795.8416673553719
-2021.3849373278244	785.6495840220387
-2021.3849373278244	775.4575006887053
-2021.3849373278244	765.2654173553719
-2021.3849373278244	755.0733340220386
-2031.5770206611578	744.8812506887052
-2031.5770206611578	734.689167355372
-2031.5770206611578	724.4970840220386
-2031.5770206611578	714.3050006887053
-2031.5770206611578	704.1129173553719
-2041.7691039944912	693.9208340220385
-2041.7691039944912	683.7287506887053
-2041.7691039944912	673.536667355372
-2041.7691039944912	663.3445840220386
-2041.7691039944912	653.1525006887052
-2031.5770206611578	642.9604173553719
-2031.5770206611578	632.7683340220386
-2031.5770206611578	622.5762506887053
-2031.5770206611578	612.3841673553719
-2031.5770206611578	602.1920840220386
-2031.5770206611578	592.0000006887053
-2031.5770206611578	581.807917355372
-2031.5770206611578	571.6158340220386
-2031.5770206611578	561.4237506887052
-2021.3849373278244	551.2316673553719
-2011.192853994491	541.0395840220386
-2001.0007706611577	530.8475006887053
-1990.8086873278244	520.6554173553719
-1980.616603994491	510.46333402203857
-1980.616603994491	500.27125068870527
-1970.4245206611579	490.0791673553719
-1970.4245206611579	479.88708402203855
-1970.4245206611579	469.69500068870525
-1970.4245206611579	459.5029173553719
-1960.2324373278245	449.3108340220386
-1960.2324373278245	439.11875068870523
-1950.0403539944912	428.92666735537193
-1950.0403539944912	418.7345840220386
-1939.8482706611578	408.5425006887052
-1939.8482706611578	398.3504173553719
-1939.8482706611578	388.15833402203856
-1929.6561873278245	377.96625068870526
-1929.6561873278245	367.7741673553719
-1929.6561873278245	357.58208402203854
-1929.6561873278245	347.39000068870524
-1929.6561873278245	337.1979173553719
-1929.6561873278245	327.0058340220386
-1929.6561873278245	316.8137506887052
-1919.464103994491	306.62166735537187
-1919.464103994491	296.42958402203857
-1919.464103994491	286.2375006887052
-1909.2720206611577	276.0454173553719
-1909.2720206611577	265.85333402203855
-1909.2720206611577	255.66125068870522
-1899.0799373278244	245.4691673553719
-1899.0799373278244	235.27708402203854
-1888.887853994491	225.0850006887052
-1888.887853994491	214.89291735537188
-1878.6957706611577	204.70083402203855
-1878.6957706611577	194.50875068870522
-1868.5036873278245	184.3166673553719
-1868.5036873278245	174.12458402203853
-1858.3116039944912	163.9325006887052
-1858.3116039944912	153.74041735537187
-1848.1195206611578	143.54833402203855
-1848.1195206611578	133.35625068870522
-1837.9274373278245	123.16416735537187
-1837.9274373278245	112.97208402203853
-1827.735353994491	102.7800006887052
-1817.5432706611577	92.58791735537187
-1807.3511873278244	82.39583402203853
-1797.159103994491	72.2037506887052
-1797.159103994491	62.01166735537186
-1786.9670206611577	51.819584022038526
-1786.9670206611577	41.6275006887052
-1776.7749373278243	31.43541735537186
-1766.5828539944912	21.243334022038525
-1766.5828539944912	11.051250688705192
-1756.3907706611578	0.8591673553718568
-1746.1986873278245	-9.332915977961477
-1736.0066039944911	-19.524999311294813
-1725.8145206611578	-29.717082644628146
-1715.6224373278244	-39.90916597796148
-1705.430353994491	-39.90916597796148
-1695.2382706611577	-50.101249311294815
-1685.0461873278243	-50.101249311294815
-1674.854103994491	-60.29333264462815
-1664.6620206611578	-70.48541597796148
-1654.4699373278245	-80.67749931129482
-1644.2778539944911	-90.86958264462815
-1634.0857706611578	-90.86958264462815
-1623.8936873278244	-101.06166597796148
-1613.701603994491	-111.25374931129483
-1603.5095206611577	-121.44583264462815
-1603.5095206611577	-131.63791597796148
-1593.3174373278243	-131.63791597796148
-1583.125353994491	-141.8299993112948
-1572.9332706611578	-141.8299993112948
-1562.7411873278245	-141.8299993112948
-1552.5491039944911	-152.02208264462817
-1542.3570206611578	-152.02208264462817
-1532.1649373278244	-152.02208264462817
-1521.972853994491	-162.2141659779615
-1511.7807706611577	-162.2141659779615
-1501.5886873278243	-172.40624931129483
-1491.396603994491	-172.40624931129483
-1481.2045206611576	-182.59833264462816
-1471.0124373278245	-182.59833264462816
-1460.8203539944911	-192.7904159779615
-1450.6282706611578	-202.98249931129484
-1440.4361873278244	-202.98249931129484
-1430.244103994491	-213.17458264462817
-1430.244103994491	-223.3666659779615
-1420.0520206611577	-223.3666659779615
-1409.8599373278244	-233.55874931129483
-1399.667853994491	-233.55874931129483
-1389.4757706611576	-243.75083264462816
-1379.2836873278243	-253.94291597796152
-1369.0916039944912	-264.13499931129485
-1358.8995206611578	-264.13499931129485
-1348.7074373278244	-274.32708264462815
-1338.515353994491	-274.32708264462815
-1328.3232706611577	-284.5191659779615
-1318.1311873278244	-294.71124931129486
-1307.939103994491	-304.90333264462816
-1307.939103994491	-315.0954159779615
-1297.7470206611576	-325.2874993112948
-1297.7470206611576	-335.4795826446282
-1297.7470206611576	-345.67166597796154
-1297.7470206611576	-355.86374931129484
-1287.5549373278243	-366.0558326446282
-1287.5549373278243	-376.2479159779615
-1277.362853994491	-386.43999931129486
-1277.362853994491	-396.6320826446282
-1267.1707706611578	-406.8241659779615
-1256.9786873278244	-417.01624931129487
-1246.786603994491	-427.2083326446282
-1236.5945206611577	-437.40041597796153
-1236.5945206611577	-447.5924993112949
-1226.4024373278244	-457.7845826446282
-1226.4024373278244	-467.97666597796155
-1216.210353994491	-478.16874931129485
-1206.0182706611577	-488.3608326446282
-1195.8261873278243	-488.3608326446282
-1185.634103994491	-498.55291597796156
-1175.4420206611576	-508.74499931129486
-1175.4420206611576	-518.9370826446282
-1165.2499373278245	-529.1291659779615
-1155.057853994491	-539.3212493112949
-1155.057853994491	-549.5133326446282
-1144.8657706611577	-559.7054159779616
-1134.6736873278244	-569.8974993112948
-1124.481603994491	-580.0895826446282
-1114.2895206611577	-590.2816659779616
-1114.2895206611577	-600.4737493112949
-1104.0974373278243	-610.6658326446283
-1093.905353994491	-620.8579159779615
-1093.905353994491	-631.0499993112949
-1083.7132706611576	-641.2420826446282
-1073.5211873278242	-641.2420826446282
-1063.329103994491	-641.2420826446282
-1053.1370206611577	-651.4341659779616
-1042.9449373278244	-651.4341659779616
-1032.752853994491	-661.6262493112949
-1022.5607706611577	-671.8183326446282
-1022.5607706611577	-682.0104159779615
-1012.3686873278243	-682.0104159779615
-1002.176603994491	-692.2024993112949
-991.9845206611577	-702.3945826446283
-981.7924373278244	-712.5866659779615
-971.600353994491	-712.5866659779615
-961.4082706611576	-722.7787493112949
-951.2161873278243	-722.7787493112949
-941.024103994491	-732.9708326446282
-930.8320206611577	-732.9708326446282
-920.6399373278243	-743.1629159779616
-910.447853994491	-753.3549993112949
-900.2557706611576	-763.5470826446282
-890.0636873278244	-773.7391659779615
-879.871603994491	-783.9312493112949
-869.6795206611577	-794.1233326446282
-859.4874373278243	-804.3154159779616
-849.2953539944909	-814.5074993112949
-839.1032706611577	-824.6995826446282
-828.9111873278243	-834.8916659779616
-818.719103994491	-845.0837493112949
-808.5270206611576	-855.2758326446283
-798.3349373278243	-865.4679159779615
-798.3349373278243	-875.6599993112949
-788.142853994491	-885.8520826446282
-777.9507706611577	-896.0441659779616
-767.7586873278243	-906.236249311295
-757.566603994491	-906.236249311295
-747.3745206611576	-916.4283326446282
-737.1824373278243	-916.4283326446282
-726.990353994491	-926.6204159779616
-716.7982706611576	-936.8124993112949
-706.6061873278243	-947.0045826446283
-696.4141039944909	-947.0045826446283
-686.2220206611577	-957.1966659779616
-676.0299373278243	-967.3887493112949
-676.0299373278243	-977.5808326446282
-665.837853994491	-987.7729159779616
-665.837853994491	-997.964999311295
-655.6457706611576	-1008.1570826446283
-655.6457706611576	-1018.3491659779615
-645.4536873278242	-1028.541249311295
-645.4536873278242	-1038.7333326446283
-635.261603994491	-1048.9254159779616
-625.0695206611576	-1059.117499311295
-614.8774373278243	-1069.3095826446283
-614.8774373278243	-1079.5016659779617
-604.6853539944909	-1089.6937493112948
-594.4932706611577	-1099.8858326446282
-584.3011873278243	-1110.0779159779615
-574.109103994491	-1120.269999311295
-574.109103994491	-1130.4620826446283
-574.109103994491	-1140.6541659779616
-574.109103994491	-1150.846249311295
-574.109103994491	-1161.0383326446283
-574.109103994491	-1171.2304159779617
-574.109103994491	-1181.422499311295
-574.109103994491	-1191.6145826446282
-574.109103994491	-1201.8066659779615
-563.9170206611576	-1211.998749311295
-563.9170206611576	-1222.1908326446282
-563.9170206611576	-1232.3829159779616
-563.9170206611576	-1242.574999311295
-563.9170206611576	-1252.7670826446283
-563.9170206611576	-1262.9591659779617
-553.7249373278243	-1273.151249311295
-553.7249373278243	-1283.3433326446284
-553.7249373278243	-1293.5354159779615
-553.7249373278243	-1303.7274993112949
-543.532853994491	-1313.9195826446282
-543.532853994491	-1324.1116659779616
-533.3407706611576	-1334.303749311295
-533.3407706611576	-1344.4958326446283
-533.3407706611576	-1354.6879159779617
-533.3407706611576	-1364.879999311295
-533.3407706611576	-1375.0720826446284
-533.3407706611576	-1385.2641659779617
-533.3407706611576	-1395.4562493112949
-523.1486873278243	-1405.6483326446282
-523.1486873278243	-1415.8404159779616
-512.9566039944909	-1426.032499311295
-512.9566039944909	-1436.2245826446283
-512.9566039944909	-1446.4166659779617
-512.9566039944909	-1456.608749311295
-502.76452066115763	-1466.8008326446284
-502.76452066115763	-1476.9929159779617
-492.5724373278243	-1487.184999311295
-492.5724373278243	-1497.3770826446282
-492.5724373278243	-1507.5691659779616
-482.3803539944909	-1517.761249311295
-482.3803539944909	-1527.9533326446283
-482.3803539944909	-1538.1454159779616
-472.1882706611576	-1548.337499311295
-472.1882706611576	-1558.5295826446284
-461.99618732782426	-1568.7216659779617
-461.99618732782426	-1578.913749311295
-451.80410399449096	-1589.1058326446284
-451.80410399449096	-1599.2979159779616
-441.6120206611576	-1609.489999311295
-441.6120206611576	-1619.6820826446283
-441.6120206611576	-1629.8741659779616
-431.4199373278243	-1640.066249311295
-431.4199373278243	-1650.2583326446284
-421.22785399449094	-1660.4504159779617
-421.22785399449094	-1670.642499311295
-421.22785399449094	-1680.8345826446284
-411.0357706611576	-1691.0266659779616
-411.0357706611576	-1701.218749311295
-411.0357706611576	-1711.4108326446283
-400.8436873278243	-1721.6029159779616
-400.8436873278243	-1731.794999311295
-390.6516039944909	-1741.9870826446283
-380.4595206611576	-1752.1791659779617
-370.26743732782427	-1762.371249311295
-360.0753539944909	-1772.5633326446284
-349.8832706611576	-1782.7554159779618
-339.69118732782425	-1792.947499311295
-329.49910399449095	-1803.1395826446283
-319.3070206611576	-1813.3316659779616
-309.11493732782424	-1823.523749311295
-298.92285399449094	-1833.7158326446283
-288.7307706611576	-1833.7158326446283
-278.5386873278243	-1843.9079159779617
-278.5386873278243	-1854.099999311295
-268.3466039944909	-1864.2920826446284
-258.15452066115756	-1874.4841659779618
-247.96243732782426	-1874.4841659779618
-237.7703539944909	-1884.6762493112951
-227.57827066115757	-1884.6762493112951
-217.38618732782425	-1894.8683326446283
-207.19410399449092	-1894.8683326446283
-197.0020206611576	-1905.0604159779616
-186.80993732782426	-1915.252499311295
-176.6178539944909	-1925.4445826446283
-166.42577066115757	-1925.4445826446283
-156.23368732782424	-1935.6366659779617
-146.0416039944909	-1945.828749311295
-135.84952066115758	-1956.0208326446284
-125.65743732782424	-1956.0208326446284
-115.4653539944909	-1966.2129159779618
-105.27327066115757	-1976.4049993112951
-95.08118732782424	-1986.5970826446285
-84.8891039944909	-1986.5970826446285
-74.69702066115757	-1996.7891659779616
-64.50493732782424	-1996.7891659779616
-54.312853994490894	-2006.981249311295
-44.120770661157565	-2017.1733326446283
-33.92868732782423	-2017.1733326446283
-23.736603994490892	-2017.1733326446283
-13.54452066115756	-2027.3654159779617
-3.3524373278242243	-2027.3654159779617
6.839646005509111	-2027.3654159779617
17.031729338842446	-2027.3654159779617
27.22381267217578	-2027.3654159779617
37.41589600550911	-2037.557499311295
47.60797933884245	-2037.557499311295
57.800062672175784	-2037.557499311295
67.99214600550911	-2047.7495826446284
78.18422933884246	-2047.7495826446284
88.37631267217579	-2047.7495826446284
98.56839600550911	-2047.7495826446284
108.76047933884246	-2047.7495826446284
118.95256267217579	-2047.7495826446284
129.14464600550912	-2057.9416659779617
139.33672933884245	-2057.9416659779617
149.5288126721758	-2068.133749311295
159.72089600550913	-2068.133749311295
169.91297933884246	-2068.133749311295
180.1050626721758	-2068.133749311295
190.29714600550912	-2078.3258326446285
200.48922933884248	-2078.3258326446285
210.6813126721758	-2088.517915977962
220.87339600550914	-2088.517915977962
231.06547933884247	-2088.517915977962
241.2575626721758	-2088.517915977962
251.44964600550915	-2088.517915977962
261.6417293388425	-2098.709999311295
271.8338126721758	-2088.517915977962
282.02589600550914	-2088.517915977962
292.2179793388425	-2088.517915977962
302.4100626721758	-2088.517915977962
312.60214600550916	-2088.517915977962
322.79422933884246	-2088.517915977962
332.9863126721758	-2088.517915977962
343.17839600550917	-2098.709999311295
353.3704793388425	-2098.709999311295
363.56256267217583	-2098.709999311295
373.75464600550913	-2108.9020826446285
383.9467293388425	-2108.9020826446285
394.13881267217585	-2108.9020826446285
404.33089600550915	-2108.9020826446285
414.5229793388425	-2108.9020826446285
424.7150626721758	-2108.9020826446285
434.90714600550916	-2108.9020826446285
445.0992293388425	-2108.9020826446285
455.2913126721758	-2108.9020826446285
465.4833960055092	-2108.9020826446285
475.6754793388425	-2108.9020826446285
485.86756267217584	-2108.9020826446285
496.0596460055092	-2108.9020826446285
506.2517293388425	-2119.094165977962
516.4438126721758	-2119.094165977962
526.6358960055092	-2119.094165977962
536.8279793388425	-2129.2862493112953
547.0200626721759	-2129.2862493112953
557.2121460055092	-2129.2862493112953
567.4042293388425	-2129.2862493112953
577.5963126721758	-2129.2862493112953
587.7883960055092	-2129.2862493112953
597.9804793388425	-2129.2862493112953
608.1725626721759	-2139.4783326446286
618.3646460055091	-2139.4783326446286
628.5567293388425	-2139.4783326446286
638.7488126721759	-2139.4783326446286
648.9408960055092	-2139.4783326446286
659.1329793388426	-2149.6704159779615
669.3250626721758	-2159.862499311295
679.5171460055092	-2159.862499311295
689.7092293388425	-2159.862499311295
699.9013126721759	-2159.862499311295
710.0933960055091	-2159.862499311295
720.2854793388425	-2159.862499311295
730.4775626721758	-2159.862499311295
740.6696460055092	-2159.862499311295
750.8617293388426	-2159.862499311295
761.0538126721758	-2159.862499311295
771.2458960055092	-2159.862499311295
781.4379793388425	-2149.6704159779615
791.6300626721759	-2149.6704159779615
801.8221460055092	-2139.4783326446286
812.0142293388425	-2139.4783326446286
822.2063126721758	-2139.4783326446286
832.3983960055092	-2129.2862493112953
842.5904793388426	-2129.2862493112953
852.7825626721759	-2139.4783326446286
862.9746460055092	-2139.4783326446286
873.1667293388425	-2149.6704159779615
883.3588126721759	-2149.6704159779615
893.5508960055092	-2149.6704159779615
903.7429793388426	-2159.862499311295
913.9350626721758	-2159.862499311295
924.1271460055092	-2159.862499311295
934.3192293388425	-2159.862499311295
944.5113126721759	-2159.862499311295
954.7033960055093	-2159.862499311295
964.8954793388425	-2159.862499311295
975.0875626721759	-2149.6704159779615
985.2796460055092	-2149.6704159779615
995.4717293388426	-2149.6704159779615
1005.6638126721759	-2149.6704159779615
1015.8558960055092	-2149.6704159779615
1026.0479793388427	-2139.4783326446286
1036.2400626721758	-2139.4783326446286
1046.4321460055091	-2139.4783326446286
1056.6242293388425	-2129.2862493112953
1066.8163126721759	-2129.2862493112953
1077.0083960055092	-2129.2862493112953
1087.2004793388426	-2129.2862493112953
1097.392562672176	-2119.094165977962
1107.5846460055093	-2119.094165977962
1117.7767293388426	-2119.094165977962
1127.968812672176	-2119.094165977962
1138.1608960055091	-2108.9020826446285
1148.3529793388425	-2108.9020826446285
1158.5450626721758	-2108.9020826446285
1168.7371460055092	-2098.709999311295
1178.9292293388426	-2098.709999311295
1189.121312672176	-2098.709999311295
1199.3133960055093	-2088.517915977962
1209.5054793388426	-2088.517915977962
1219.697562672176	-2088.517915977962
1229.8896460055093	-2078.3258326446285
1240.0817293388425	-2078.3258326446285
1250.2738126721758	-2078.3258326446285
1260.4658960055092	-2078.3258326446285
1270.6579793388426	-2078.3258326446285
1280.850062672176	-2068.133749311295
1291.0421460055093	-2068.133749311295
1301.2342293388426	-2068.133749311295
1311.426312672176	-2068.133749311295
1321.6183960055093	-2057.9416659779617
1331.8104793388427	-2047.7495826446284
1342.0025626721758	-2047.7495826446284
1352.1946460055092	-2037.557499311295
1362.3867293388425	-2037.557499311295
1372.578812672176	-2037.557499311295
1362.3867293388425	-2027.3654159779617
1372.578812672176	-2017.1733326446283
1382.7708960055093	-2006.981249311295
1392.9629793388426	-2006.981249311295
1403.155062672176	-2006.981249311295
1413.3471460055093	-2006.981249311295
1423.5392293388427	-2017.1733326446283
1433.731312672176	-2027.3654159779617
1443.9233960055092	-2027.3654159779617
1454.1154793388425	-2027.3654159779617
1464.307562672176	-2027.3654159779617
1474.4996460055092	-2027.3654159779617
1484.6917293388426	-2017.1733326446283
1494.883812672176	-2017.1733326446283
1505.0758960055093	-2006.981249311295
1515.2679793388427	-2006.981249311295
1525.460062672176	-2006.981249311295
1535.6521460055094	-1996.7891659779616
1545.8442293388425	-1996.7891659779616
1556.0363126721759	-1986.5970826446285
1566.2283960055092	-1986.5970826446285
1576.4204793388426	-1986.5970826446285
1586.612562672176	-1976.4049993112951
1596.8046460055093	-1966.2129159779618
1606.9967293388427	-1966.2129159779618
1617.188812672176	-1966.2129159779618
1627.3808960055094	-1956.0208326446284
1637.5729793388427	-1956.0208326446284
1647.7650626721759	-1945.828749311295
1657.9571460055092	-1945.828749311295
1668.1492293388426	-1935.6366659779617
1678.341312672176	-1925.4445826446283
1688.5333960055093	-1925.4445826446283
1698.7254793388427	-1915.252499311295
1708.917562672176	-1915.252499311295
1719.1096460055094	-1915.252499311295
1729.3017293388427	-1905.0604159779616
1739.4938126721759	-1905.0604159779616
1749.6858960055092	-1905.0604159779616
1759.8779793388426	-1894.8683326446283
1770.070062672176	-1884.6762493112951
1780.2621460055093	-1884.6762493112951
1790.4542293388427	-1874.4841659779618
1800.646312672176	-1864.2920826446284
1810.8383960055094	-1854.099999311295
1821.0304793388427	-1854.099999311295
1821.0304793388427	-1843.9079159779617
1831.222562672176	-1833.7158326446283
1841.4146460055092	-1823.523749311295
1851.6067293388426	-1813.3316659779616
1861.798812672176	-1803.1395826446283
1871.9908960055093	-1792.947499311295
1882.1829793388426	-1782.7554159779618
1892.375062672176	-1772.5633326446284
1892.375062672176	-1762.371249311295
1902.5671460055094	-1752.1791659779617
1912.7592293388427	-1741.9870826446283
1922.951312672176	-1731.794999311295
1933.1433960055094	-1721.6029159779616
1943.3354793388426	-1721.6029159779616
1953.527562672176	-1711.4108326446283
1963.7196460055093	-1711.4108326446283
1973.9117293388426	-1701.218749311295
1984.103812672176	-1691.0266659779616
1994.2958960055093	-1680.8345826446284
2004.4879793388427	-1680.8345826446284
2014.680062672176	-1670.642499311295
2024.8721460055094	-1670.642499311295
2035.0642293388428	-1670.642499311295
2045.256312672176	-1660.4504159779617
2055.4483960055095	-1650.2583326446284
2055.4483960055095	-1640.066249311295
2065.640479338843	-1629.8741659779616
2075.832562672176	-1619.6820826446283
2086.0246460055096	-1609.489999311295
2096.2167293388425	-1609.489999311295
2106.408812672176	-1599.2979159779616
2116.600896005509	-1599.2979159779616
2126.7929793388425	-1589.1058326446284
2136.985062672176	-1578.913749311295
2147.1771460055093	-1578.913749311295
2157.3692293388426	-1568.7216659779617
2167.561312672176	-1558.5295826446284
2177.7533960055093	-1548.337499311295
2187.9454793388427	-1538.1454159779616
2198.137562672176	-1527.9533326446283
2198.137562672176	-1517.761249311295
2208.3296460055094	-1507.5691659779616
2208.3296460055094	-1497.3770826446282
2208.3296460055094	-1487.184999311295
2208.3296460055094	-1476.9929159779617
2208.3296460055094	-1466.8008326446284
2208.3296460055094	-1456.608749311295
2208.3296460055094	-1446.4166659779617
2208.3296460055094	-1436.2245826446283
2208.3296460055094	-1426.032499311295
2208.3296460055094	-1415.8404159779616
2208.3296460055094	-1405.6483326446282
2208.3296460055094	-1395.4562493112949
2208.3296460055094	-1385.2641659779617
2208.3296460055094	-1375.0720826446284
2198.137562672176	-1364.879999311295
2198.137562672176	-1354.6879159779617
2198.137562672176	-1344.4958326446283
2198.137562672176	-1334.303749311295
2187.9454793388427	-1324.1116659779616
2187.9454793388427	-1313.9195826446282
2187.9454793388427	-1303.7274993112949
2187.9454793388427	-1293.5354159779615
2187.9454793388427	-1283.3433326446284
2177.7533960055093	-1273.151249311295
2177.7533960055093	-1262.9591659779617
2177.7533960055093	-1252.7670826446283
2177.7533960055093	-1242.574999311295
2167.561312672176	-1232.3829159779616
2167.561312672176	-1222.1908326446282
2157.3692293388426	-1211.998749311295
2147.1771460055093	-1211.998749311295
2136.985062672176	-1201.8066659779615
2126.7929793388425	-1191.6145826446282
2116.600896005509	-1181.422499311295
2106.408812672176	-1171.2304159779617
2106.408812672176	-1161.0383326446283
2096.2167293388425	-1150.846249311295
2096.2167293388425	-1140.6541659779616
2096.2167293388425	-1130.4620826446283
2096.2167293388425	-1120.269999311295
2096.2167293388425	-1110.0779159779615
2096.2167293388425	-1099.8858326446282
2086.0246460055096	-1089.6937493112948
2086.0246460055096	-1079.5016659779617
2086.0246460055096	-1069.3095826446283
2075.832562672176	-1059.117499311295
2075.832562672176	-1048.9254159779616
2065.640479338843	-1038.7333326446283
2055.4483960055095	-1028.541249311295
2045.256312672176	-1018.3491659779615
2045.256312672176	-1008.1570826446283
2035.0642293388428	-997.964999311295
2035.0642293388428	-987.7729159779616
2024.8721460055094	-977.5808326446282
2024.8721460055094	-967.3887493112949
2014.680062672176	-957.1966659779616
2004.4879793388427	-947.0045826446283
2004.4879793388427	-936.8124993112949
1994.2958960055093	-926.6204159779616
1994.2958960055093	-916.4283326446282
1994.2958960055093	-906.236249311295
1984.103812672176	-896.0441659779616
1984.103812672176	-885.8520826446282
1984.103812672176	-875.6599993112949
1973.9117293388426	-865.4679159779615
1973.9117293388426	-855.2758326446283
1963.7196460055093	-845.0837493112949
1963.7196460055093	-834.8916659779616
1953.527562672176	-824.6995826446282
1943.3354793388426	-814.5074993112949
1943.3354793388426	-804.3154159779616
1933.1433960055094	-794.1233326446282
1933.1433960055094	-783.9312493112949
1922.951312672176	-773.7391659779615
1912.7592293388427	-763.5470826446282
1912.7592293388427	-753.3549993112949
1902.5671460055094	-743.1629159779616
1892.375062672176	-732.9708326446282
1882.1829793388426	-722.7787493112949
1871.9908960055093	-722.7787493112949
1861.798812672176	-712.5866659779615
1851.6067293388426	-702.3945826446283
1841.4146460055092	-692.2024993112949
1831.222562672176	-682.0104159779615
1831.222562672176	-671.8183326446282
1821.0304793388427	-661.6262493112949
1810.8383960055094	-651.4341659779616
1810.8383960055094	-641.2420826446282
1800.646312672176	-631.0499993112949
1790.4542293388427	-620.8579159779615
1790.4542293388427	-610.6658326446283
1780.2621460055093	-600.4737493112949
1780.2621460055093	-590.2816659779616
1770.070062672176	-580.0895826446282
1770.070062672176	-569.8974993112948
1759.8779793388426	-559.7054159779616
1759.8779793388426	-549.5133326446282
1759.8779793388426	-539.3212493112949
1749.6858960055092	-529.1291659779615
1749.6858960055092	-518.9370826446282
1739.4938126721759	-508.74499931129486
1729.3017293388427	-498.55291597796156
1729.3017293388427	-488.3608326446282
1719.1096460055094	-478.16874931129485
1719.1096460055094	-467.97666597796155
1708.917562672176	-457.7845826446282
1708.917562672176	-447.5924993112949
1708.917562672176	-437.40041597796153
1708.917562672176	-427.2083326446282
1708.917562672176	-417.01624931129487
1708.917562672176	-406.8241659779615
1708.917562672176	-396.6320826446282
1708.917562672176	-386.43999931129486
1698.7254793388427	-376.2479159779615
1698.7254793388427	-366.0558326446282
1698.7254793388427	-355.86374931129484
1688.5333960055093	-345.67166597796154
1688.5333960055093	-335.4795826446282
1688.5333960055093	-325.2874993112948
1688.5333960055093	-315.0954159779615
1678.341312672176	-304.90333264462816
1678.341312672176	-294.71124931129486
1668.1492293388426	-284.5191659779615
1668.1492293388426	-274.32708264462815
1668.1492293388426	-264.13499931129485
1668.1492293388426	-253.94291597796152
1657.9571460055092	-243.75083264462816
1657.9571460055092	-233.55874931129483
1657.9571460055092	-223.3666659779615
1647.7650626721759	-213.17458264462817
1637.5729793388427	-202.98249931129484
1637.5729793388427	-192.7904159779615
1637.5729793388427	-182.59833264462816
1627.3808960055094	-172.40624931129483
1627.3808960055094	-162.2141659779615
1617.188812672176	-152.02208264462817
1617.188812672176	-141.8299993112948
1606.9967293388427	-131.63791597796148
1606.9967293388427	-121.44583264462815
1606.9967293388427	-111.25374931129483
1596.8046460055093	-101.06166597796148
1596.8046460055093	-90.86958264462815
1586.612562672176	-80.67749931129482
1586.612562672176	-70.48541597796148
1576.4204793388426	-60.29333264462815
1576.4204793388426	-50.101249311294815
1566.2283960055092	-39.90916597796148
1556.0363126721759	-29.717082644628146
1545.8442293388425	-19.524999311294813
1535.6521460055094	-9.332915977961477
1535.6521460055094	0.8591673553718568
1525.460062672176	11.051250688705192
1525.460062672176	21.243334022038525
1515.2679793388427	31.43541735537186
1505.0758960055093	41.6275006887052
1494.883812672176	51.819584022038526
1484.6917293388426	62.01166735537186
1474.4996460055092	62.01166735537186
1464.307562672176	72.2037506887052
1454.1154793388425	82.39583402203853
1443.9233960055092	92.58791735537187
1433.731312672176	92.58791735537187
1423.5392293388427	102.7800006887052
1413.3471460055093	112.97208402203853
1413.3471460055093	123.16416735537187
1403.155062672176	133.35625068870522
1392.9629793388426	143.54833402203855
1382.7708960055093	153.74041735537187
1372.578812672176	163.9325006887052
1362.3867293388425	163.9325006887052
1352.1946460055092	174.12458402203853
1342.0025626721758	184.3166673553719
1331.8104793388427	194.50875068870522
1321.6183960055093	204.70083402203855
1311.426312672176	214.89291735537188
1301.2342293388426	225.0850006887052
1291.0421460055093	235.27708402203854
1280.850062672176	245.4691673553719
1270.6579793388426	255.66125068870522
1260.4658960055092	265.85333402203855
1260.4658960055092	276.0454173553719
1250.2738126721758	286.2375006887052
1250.2738126721758	296.42958402203857
1250.2738126721758	306.62166735537187
1240.0817293388425	316.8137506887052
1240.0817293388425	327.0058340220386
1229.8896460055093	337.1979173553719
1229.8896460055093	347.39000068870524
1229.8896460055093	357.58208402203854
1229.8896460055093	367.7741673553719
1219.697562672176	377.96625068870526
1219.697562672176	388.15833402203856
1209.5054793388426	398.3504173553719
1209.5054793388426	408.5425006887052
1199.3133960055093	418.7345840220386
1189.121312672176	428.92666735537193
1178.9292293388426	439.11875068870523
1168.7371460055092	449.3108340220386
1168.7371460055092	459.5029173553719
1158.5450626721758	469.69500068870525
1158.5450626721758	479.88708402203855
1158.5450626721758	490.0791673553719
1148.3529793388425	500.27125068870527
1148.3529793388425	510.46333402203857
1148.3529793388425	520.6554173553719
1138.1608960055091	530.8475006887053
1138.1608960055091	541.0395840220386
1138.1608960055091	551.2316673553719
1127.968812672176	561.4237506887052
1127.968812672176	571.6158340220386
1127.968812672176	581.807917355372
1117.7767293388426	592.0000006887053
1117.7767293388426	602.1920840220386
1107.5846460055093	612.3841673553719
1097.392562672176	622.5762506887053
1087.2004793388426	632.7683340220386
1077.0083960055092	642.9604173553719
1077.0083960055092	653.1525006887052
1066.8163126721759	663.3445840220386
1066.8163126721759	673.536667355372
1066.8163126721759	683.7287506887053
1056.6242293388425	693.9208340220385
1046.4321460055091	704.1129173553719
1036.2400626721758	704.1129173553719
1026.0479793388427	714.3050006887053
1015.8558960055092	724.4970840220386
1005.6638126721759	734.689167355372
995.4717293388426	744.8812506887052
985.2796460055092	755.0733340220386
975.0875626721759	765.2654173553719
975.0875626721759	775.4575006887053
964.8954793388425	785.6495840220387
954.7033960055093	795.8416673553719
954.7033960055093	806.0337506887053
944.5113126721759	816.2258340220386
944.5113126721759	826.417917355372
934.3192293388425	836.6100006887053
934.3192293388425	846.8020840220386
934.3192293388425	856.9941673553719
934.3192293388425	867.1862506887053
934.3192293388425	877.3783340220386
934.3192293388425	887.570417355372
924.1271460055092	897.7625006887052
934.3192293388425	907.9545840220386
934.3192293388425	918.146667355372
934.3192293388425	928.3387506887053
924.1271460055092	938.5308340220387
924.1271460055092	948.7229173553719
924.1271460055092	958.9150006887053
924.1271460055092	969.1070840220386
924.1271460055092	979.299167355372
924.1271460055092	989.4912506887053
924.1271460055092	999.6833340220386
913.9350626721758	1009.875417355372
913.9350626721758	1020.0675006887053
913.9350626721758	1030.2595840220386
903.7429793388426	1040.451667355372
903.7429793388426	1050.6437506887053
893.5508960055092	1060.8358340220386
893.5508960055092	1071.027917355372
883.3588126721759	1081.2200006887053
873.1667293388425	1091.4120840220387
873.1667293388425	1101.604167355372
862.9746460055092	1111.7962506887054
862.9746460055092	1121.9883340220385
862.9746460055092	1132.180417355372
862.9746460055092	1142.3725006887053
852.7825626721759	1152.5645840220386
852.7825626721759	1162.756667355372
852.7825626721759	1172.9487506887053
852.7825626721759	1183.1408340220387
842.5904793388426	1193.332917355372
842.5904793388426	1203.5250006887054
842.5904793388426	1213.7170840220388
842.5904793388426	1223.909167355372
842.5904793388426	1234.1012506887052
842.5904793388426	1244.2933340220386
832.3983960055092	1254.485417355372
832.3983960055092	1264.6775006887053
822.2063126721758	1274.8695840220387
822.2063126721758	1285.061667355372
812.0142293388425	1285.061667355372
801.8221460055092	1295.2537506887054
801.8221460055092	1305.4458340220388
791.6300626721759	1315.637917355372
791.6300626721759	1325.8300006887052
781.4379793388425	1336.0220840220386
771.2458960055092	1336.0220840220386
761.0538126721758	1346.214167355372
750.8617293388426	1356.4062506887053
750.8617293388426	1366.5983340220387
740.6696460055092	1366.5983340220387
730.4775626721758	1376.790417355372
720.2854793388425	1386.9825006887054
720.2854793388425	1397.1745840220387
710.0933960055091	1407.366667355372
699.9013126721759	1417.5587506887055
689.7092293388425	1427.7508340220386
679.5171460055092	1437.942917355372
679.5171460055092	1448.1350006887053
669.3250626721758	1458.3270840220387
669.3250626721758	1468.519167355372
659.1329793388426	1478.7112506887054
648.9408960055092	1488.9033340220387
648.9408960055092	1499.095417355372
638.7488126721759	1509.2875006887054
638.7488126721759	1519.4795840220388
628.5567293388425	1529.671667355372
618.3646460055091	1539.8637506887053
608.1725626721759	1539.8637506887053
597.9804793388425	1550.0558340220387
597.9804793388425	1560.247917355372
587.7883960055092	1570.4400006887054
587.7883960055092	1580.6320840220387
577.5963126721758	1590.824167355372
577.5963126721758	1601.0162506887054
577.5963126721758	1611.2083340220388
577.5963126721758	1621.400417355372
577.5963126721758	1631.5925006887053
577.5963126721758	1641.7845840220386
577.5963126721758	1651.976667355372
577.5963126721758	1662.1687506887054
567.4042293388425	1672.3608340220387
567.4042293388425	1682.552917355372
557.2121460055092	1692.7450006887054
557.2121460055092	1702.9370840220388
547.0200626721759	1713.1291673553721
547.0200626721759	1723.3212506887053
547.0200626721759	1733.5133340220386
547.0200626721759	1743.705417355372
547.0200626721759	1753.8975006887053
547.0200626721759	1764.0895840220387
547.0200626721759	1774.281667355372
536.8279793388425	1774.281667355372
526.6358960055092	1774.281667355372
516.4438126721758	1784.4737506887054
506.2517293388425	1794.6658340220388
496.0596460055092	1794.6658340220388
485.86756267217584	1794.6658340220388
475.6754793388425	1804.8579173553721
465.4833960055092	1815.0500006887055
455.2913126721758	1825.2420840220386
445.0992293388425	1835.434167355372
445.0992293388425	1845.6262506887053
434.90714600550916	1855.8183340220387
434.90714600550916	1866.010417355372
424.7150626721758	1876.2025006887054
414.5229793388425	1886.3945840220388
404.33089600550915	1896.5866673553721
394.13881267217585	1906.7787506887055
383.9467293388425	1916.9708340220388
373.75464600550913	1927.162917355372
363.56256267217583	1937.3550006887053
353.3704793388425	1937.3550006887053
343.17839600550917	1947.5470840220387
343.17839600550917	1957.739167355372
332.9863126721758	1967.9312506887054
322.79422933884246	1978.1233340220388
312.60214600550916	1988.3154173553721
302.4100626721758	1998.5075006887055
292.2179793388425	2008.6995840220388
282.02589600550914	2018.8916673553722
271.8338126721758	2029.0837506887053
261.6417293388425	2029.0837506887053
251.44964600550915	2039.2758340220387
241.2575626721758	2039.2758340220387
231.06547933884247	2049.4679173553723
220.87339600550914	2049.4679173553723
