# particle morphology
# using file: 39-05X-H.png
#
#x/µm	y/µm
180.18003740410904	2576.7193267911416
166.64567474701747	2563.18496413405
153.11131208992592	2549.6506014769584
139.57694943283434	2536.116238819867
126.04258677574279	2536.116238819867
126.04258677574279	2522.581876162775
112.50822411865123	2509.0475135056836
98.97386146155966	2495.513150848592
85.4394988044681	2495.513150848592
71.90513614737654	2481.9787881915004
58.370773490284975	2468.4444255344088
44.83641083319341	2454.9100628773176
31.302048176101845	2441.375700220226
17.767685519010282	2441.375700220226
4.233322861918721	2427.8413375631344
-9.301039795172843	2414.306974906043
-22.835402452264407	2414.306974906043
-36.36976510935597	2400.772612248951
-36.36976510935597	2387.2382495918596
-49.90412776644753	2373.703886934768
-63.43849042353909	2373.703886934768
-76.97285308063066	2360.1695242776764
-90.50721573772222	2346.6351616205848
-104.04157839481378	2333.100798963493
-117.57594105190535	2319.5664363064016
-131.11030370899692	2319.5664363064016
-144.64466636608847	2306.0320736493104
-158.17902902318005	2306.0320736493104
-171.7133916802716	2292.497710992219
-185.24775433736318	2292.497710992219
-198.78211699445473	2278.963348335127
-212.3164796515463	2265.4289856780356
-225.85084230863785	2251.894623020944
-239.38520496572943	2238.3602603638524
-252.91956762282098	2238.3602603638524
-266.4539302799125	2224.8258977067608
-279.98829293700413	2211.291535049669
-293.5226555940957	2211.291535049669
-307.05701825118723	2197.7571723925776
-320.5913809082788	2184.222809735486
-334.1257435653704	2170.6884470783943
-347.66010622246193	2157.154084421303
-361.1944688795535	2143.6197217642116
-374.72883153664503	2143.6197217642116
-388.26319419373664	2130.08535910712
-401.7975568508282	2130.08535910712
-415.33191950791974	2116.5509964500284
-428.8662821650113	2103.016633792937
-442.4006448221029	2103.016633792937
-455.93500747919444	2089.482271135845
-469.469370136286	2075.9479084787536
-483.00373279337754	2075.9479084787536
-496.53809545046914	2062.413545821662
-510.0724581075607	2062.413545821662
-523.6068207646523	2048.8791831645703
-537.1411834217438	2035.344820507479
-537.1411834217438	2021.8104578503874
-550.6755460788354	2008.2760951932958
-564.2099087359269	2008.2760951932958
-577.7442713930185	1994.7417325362042
-591.2786340501101	1994.7417325362042
-604.8129967072016	1981.2073698791128
-618.3473593642932	1967.6730072220212
-631.8817220213848	1967.6730072220212
-645.4160846784763	1954.1386445649296
-658.9504473355679	1954.1386445649296
-672.4848099926594	1940.604281907838
-686.019172649751	1940.604281907838
-699.5535353068426	1927.0699192507464
-713.0878979639341	1927.0699192507464
-726.6222606210257	1927.0699192507464
-740.1566232781173	1913.535556593655
-753.6909859352088	1913.535556593655
-767.2253485923004	1900.0011939365634
-780.7597112493919	1886.4668312794718
-794.2940739064835	1886.4668312794718
-807.8284365635751	1872.9324686223802
-821.3627992206666	1859.3981059652886
-834.8971618777582	1845.863743308197
-848.4315245348498	1832.3293806511056
-861.9658871919413	1818.795017994014
-875.5002498490329	1818.795017994014
-889.0346125061244	1805.2606553369224
-902.568975163216	1791.7262926798307
-902.568975163216	1778.1919300227391
-916.1033378203076	1764.6575673656478
-916.1033378203076	1751.1232047085562
-929.6377004773991	1737.5888420514646
-929.6377004773991	1724.054479394373
-943.1720631344907	1710.5201167372813
-956.7064257915823	1696.98575408019
-970.2407884486738	1683.4513914230984
-983.7751511057654	1669.9170287660068
-997.3095137628569	1656.3826661089151
-1010.8438764199485	1642.8483034518235
-1024.37823907704	1629.313940794732
-1037.9126017341316	1615.7795781376406
-1051.4469643912232	1615.7795781376406
-1064.9813270483148	1602.245215480549
-1078.5156897054064	1602.245215480549
-1092.0500523624978	1588.7108528234573
-1092.0500523624978	1575.1764901663657
-1105.5844150195894	1561.6421275092741
-1119.118777676681	1548.1077648521828
-1132.6531403337726	1548.1077648521828
-1146.1875029908642	1534.5734021950911
-1159.7218656479556	1521.0390395379995
-1173.2562283050472	1507.504676880908
-1186.7905909621388	1493.9703142238163
-1186.7905909621388	1480.435951566725
-1200.3249536192304	1466.9015889096333
-1213.859316276322	1466.9015889096333
-1227.3936789334136	1453.3672262525417
-1240.928041590505	1439.8328635954501
-1254.4624042475966	1426.2985009383585
-1267.9967669046882	1412.764138281267
-1281.5311295617798	1399.2297756241755
-1295.0654922188714	1385.695412967084
-1308.5998548759628	1372.1610503099923
-1322.1342175330544	1358.6266876529007
-1335.668580190146	1345.0923249958091
-1349.2029428472376	1345.0923249958091
-1362.7373055043292	1345.0923249958091
-1376.2716681614206	1345.0923249958091
-1389.8060308185122	1331.5579623387177
-1403.3403934756038	1318.0235996816261
-1416.8747561326954	1304.4892370245345
-1430.409118789787	1290.954874367443
-1443.9434814468786	1277.4205117103513
-1457.47784410397	1263.88614905326
-1457.47784410397	1250.3517863961683
-1471.0122067610616	1236.8174237390767
-1471.0122067610616	1223.2830610819851
-1484.5465694181532	1209.7486984248935
-1498.0809320752448	1196.214335767802
-1511.6152947323365	1182.6799731107105
-1525.1496573894278	1169.145610453619
-1538.6840200465194	1155.6112477965273
-1538.6840200465194	1142.0768851394357
-1552.218382703611	1128.542522482344
-1565.7527453607026	1115.0081598252527
-1579.2871080177943	1115.0081598252527
-1592.8214706748856	1101.4737971681611
-1606.3558333319772	1101.4737971681611
-1619.8901959890688	1087.9394345110695
-1633.4245586461604	1074.405071853978
-1633.4245586461604	1060.8707091968863
-1646.958921303252	1047.336346539795
-1646.958921303252	1033.8019838827033
-1660.4932839603437	1020.2676212256117
-1660.4932839603437	1006.7332585685201
-1674.027646617435	993.1988959114286
-1687.5620092745266	979.664533254337
-1701.0963719316183	966.1301705972454
-1714.6307345887099	966.1301705972454
-1728.1650972458015	952.5958079401539
-1741.6994599028928	939.0614452830623
-1741.6994599028928	925.5270826259707
-1755.2338225599844	911.9927199688792
-1768.768185217076	898.4583573117876
-1782.3025478741677	898.4583573117876
-1795.8369105312593	884.9239946546961
-1809.3712731883506	871.3896319976045
-1822.9056358454422	857.8552693405129
-1836.4399985025339	844.3209066834214
-1836.4399985025339	830.7865440263298
-1849.9743611596255	817.2521813692382
-1863.508723816717	803.7178187121467
-1863.508723816717	790.1834560550551
-1877.0430864738087	776.6490933979636
-1890.5774491309	763.114730740872
-1890.5774491309	749.5803680837804
-1904.1118117879917	736.0460054266889
-1917.6461744450833	722.5116427695973
-1931.1805371021749	708.9772801125057
-1931.1805371021749	695.4429174554142
-1944.7148997592665	681.9085547983226
-1944.7148997592665	668.3741921412311
-1944.7148997592665	654.8398294841395
-1958.2492624163579	641.3054668270479
-1958.2492624163579	627.7711041699564
-1958.2492624163579	614.2367415128648
-1971.7836250734495	600.7023788557732
-1971.7836250734495	587.1680161986817
-1985.317987730541	573.6336535415901
-1985.317987730541	560.0992908844986
-1998.8523503876327	546.564928227407
-1998.8523503876327	533.0305655703154
-1998.8523503876327	519.4962029132239
-1998.8523503876327	505.9618402561323
-2012.3867130447243	492.42747759904074
-2012.3867130447243	478.8931149419492
-2012.3867130447243	465.3587522848576
-2012.3867130447243	451.82438962776604
-2012.3867130447243	438.2900269706745
-2012.3867130447243	424.75566431358294
-2025.9210757018157	411.22130165649133
-2025.9210757018157	397.6869389993998
-2039.4554383589073	384.15257634230824
-2039.4554383589073	370.6182136852167
-2052.989801015999	357.0838510281251
-2052.989801015999	343.54948837103353
-2052.989801015999	330.015125713942
-2066.5241636730902	316.48076305685044
-2080.058526330182	302.94640039975883
-2080.058526330182	289.4120377426673
-2093.5928889872735	275.87767508557573
-2107.127251644365	262.3433124284842
-2120.6616143014567	248.8089497713926
-2134.1959769585483	235.27458711430103
-2147.73033961564	221.74022445720948
-2161.2647022727315	208.2058618001179
-2174.799064929823	194.67149914302635
-2188.3334275869147	181.13713648593478
-2188.3334275869147	167.60277382884323
-2201.8677902440063	154.06841117175165
-2215.4021529010975	140.5340485146601
-2228.936515558189	126.99968585756854
-2228.936515558189	113.46532320047697
-2242.4708782152807	99.93096054338541
-2242.4708782152807	86.39659788629385
-2256.0052408723723	72.86223522920228
-2256.0052408723723	59.327872572110714
-2242.4708782152807	45.79350991501915
-2242.4708782152807	32.25914725792759
-2242.4708782152807	18.724784600836028
-2228.936515558189	5.1904219437444645
-2215.4021529010975	-8.343940713347099
-2215.4021529010975	-21.878303370438662
-2215.4021529010975	-35.41266602753023
-2215.4021529010975	-48.94702868462179
-2215.4021529010975	-62.481391341713355
-2215.4021529010975	-76.01575399880491
-2215.4021529010975	-89.55011665589647
-2215.4021529010975	-103.08447931298804
-2201.8677902440063	-116.6188419700796
-2201.8677902440063	-130.15320462717116
-2188.3334275869147	-143.68756728426274
-2174.799064929823	-157.2219299413543
-2174.799064929823	-170.75629259844587
-2161.2647022727315	-184.29065525553742
-2161.2647022727315	-197.825017912629
-2161.2647022727315	-211.35938056972054
-2161.2647022727315	-224.89374322681212
-2161.2647022727315	-238.42810588390367
-2147.73033961564	-251.96246854099525
-2147.73033961564	-265.4968311980868
-2147.73033961564	-279.03119385517834
-2147.73033961564	-292.56555651226995
-2147.73033961564	-306.0999191693615
-2147.73033961564	-319.63428182645305
-2147.73033961564	-333.1686444835446
-2147.73033961564	-346.7030071406362
-2147.73033961564	-360.23736979772775
-2147.73033961564	-373.7717324548193
-2147.73033961564	-387.30609511191085
-2147.73033961564	-400.84045776900246
-2134.1959769585483	-414.374820426094
-2134.1959769585483	-427.90918308318555
-2134.1959769585483	-441.4435457402771
-2134.1959769585483	-454.9779083973687
-2134.1959769585483	-468.51227105446026
-2134.1959769585483	-482.0466337115518
-2134.1959769585483	-495.58099636864335
-2134.1959769585483	-509.11535902573496
-2134.1959769585483	-522.6497216828265
-2134.1959769585483	-536.1840843399181
-2134.1959769585483	-549.7184469970097
-2147.73033961564	-563.2528096541012
-2147.73033961564	-576.7871723111928
-2147.73033961564	-590.3215349682844
-2161.2647022727315	-603.8558976253759
-2161.2647022727315	-617.3902602824675
-2161.2647022727315	-630.924622939559
-2161.2647022727315	-644.4589855966506
-2161.2647022727315	-657.9933482537422
-2161.2647022727315	-671.5277109108337
-2161.2647022727315	-685.0620735679253
-2161.2647022727315	-698.5964362250169
-2161.2647022727315	-712.1307988821084
-2161.2647022727315	-725.6651615392
-2161.2647022727315	-739.1995241962915
-2174.799064929823	-752.7338868533831
-2174.799064929823	-766.2682495104747
-2174.799064929823	-779.8026121675662
-2161.2647022727315	-793.3369748246578
-2161.2647022727315	-806.8713374817494
-2147.73033961564	-820.4057001388409
-2134.1959769585483	-833.9400627959325
-2120.6616143014567	-847.474425453024
-2107.127251644365	-861.0087881101156
-2107.127251644365	-874.5431507672072
-2093.5928889872735	-888.0775134242987
-2093.5928889872735	-901.6118760813903
-2080.058526330182	-915.1462387384819
-2066.5241636730902	-928.6806013955734
-2066.5241636730902	-942.214964052665
-2066.5241636730902	-955.7493267097565
-2080.058526330182	-969.2836893668481
-2080.058526330182	-982.8180520239397
-2080.058526330182	-996.3524146810312
-2080.058526330182	-1009.8867773381228
-2066.5241636730902	-1023.4211399952144
-2066.5241636730902	-1036.955502652306
-2052.989801015999	-1050.4898653093974
-2052.989801015999	-1064.024227966489
-2039.4554383589073	-1077.5585906235806
-2025.9210757018157	-1077.5585906235806
-2012.3867130447243	-1091.0929532806722
-1998.8523503876327	-1091.0929532806722
-1985.317987730541	-1104.6273159377638
-1985.317987730541	-1118.1616785948552
-1971.7836250734495	-1131.6960412519468
-1971.7836250734495	-1145.2304039090384
-1958.2492624163579	-1158.76476656613
-1958.2492624163579	-1172.2991292232216
-1958.2492624163579	-1185.8334918803132
-1958.2492624163579	-1199.3678545374046
-1944.7148997592665	-1212.9022171944962
-1958.2492624163579	-1226.4365798515878
-1944.7148997592665	-1239.9709425086794
-1931.1805371021749	-1253.505305165771
-1931.1805371021749	-1267.0396678228624
-1931.1805371021749	-1280.574030479954
-1931.1805371021749	-1294.1083931370456
-1931.1805371021749	-1307.6427557941372
-1931.1805371021749	-1321.1771184512288
-1917.6461744450833	-1334.7114811083202
-1904.1118117879917	-1348.2458437654118
-1890.5774491309	-1361.7802064225034
-1890.5774491309	-1375.314569079595
-1890.5774491309	-1388.8489317366866
-1890.5774491309	-1402.3832943937782
-1877.0430864738087	-1415.9176570508696
-1877.0430864738087	-1429.4520197079612
-1863.508723816717	-1442.9863823650528
-1849.9743611596255	-1456.5207450221444
-1849.9743611596255	-1470.055107679236
-1849.9743611596255	-1483.5894703363274
-1836.4399985025339	-1497.123832993419
-1836.4399985025339	-1510.6581956505106
-1822.9056358454422	-1524.1925583076022
-1809.3712731883506	-1537.7269209646938
-1809.3712731883506	-1551.2612836217852
-1795.8369105312593	-1551.2612836217852
-1782.3025478741677	-1564.7956462788768
-1782.3025478741677	-1578.3300089359684
-1768.768185217076	-1591.86437159306
-1768.768185217076	-1605.3987342501516
-1755.2338225599844	-1618.9330969072432
-1755.2338225599844	-1632.4674595643346
-1755.2338225599844	-1646.0018222214262
-1741.6994599028928	-1659.5361848785178
-1728.1650972458015	-1673.0705475356094
-1728.1650972458015	-1686.604910192701
-1728.1650972458015	-1700.1392728497924
-1728.1650972458015	-1713.673635506884
-1728.1650972458015	-1727.2079981639756
-1728.1650972458015	-1740.7423608210672
-1728.1650972458015	-1754.2767234781588
-1728.1650972458015	-1767.8110861352502
-1728.1650972458015	-1781.3454487923418
-1728.1650972458015	-1794.8798114494334
-1728.1650972458015	-1808.414174106525
-1728.1650972458015	-1821.9485367636166
-1728.1650972458015	-1835.4828994207082
-1728.1650972458015	-1849.0172620777996
-1728.1650972458015	-1862.5516247348912
-1728.1650972458015	-1876.0859873919828
-1714.6307345887099	-1889.6203500490744
-1701.0963719316183	-1903.154712706166
-1701.0963719316183	-1916.6890753632574
-1687.5620092745266	-1930.223438020349
-1674.027646617435	-1930.223438020349
-1660.4932839603437	-1943.7578006774406
-1646.958921303252	-1957.2921633345322
-1633.4245586461604	-1957.2921633345322
-1619.8901959890688	-1970.8265259916238
-1606.3558333319772	-1984.3608886487152
-1592.8214706748856	-1997.8952513058068
-1592.8214706748856	-2011.4296139628984
-1592.8214706748856	-2024.96397661999
-1592.8214706748856	-2038.4983392770816
-1592.8214706748856	-2052.032701934173
-1592.8214706748856	-2065.5670645912646
-1592.8214706748856	-2079.1014272483562
-1592.8214706748856	-2092.635789905448
-1592.8214706748856	-2106.1701525625394
-1592.8214706748856	-2119.704515219631
-1592.8214706748856	-2133.2388778767227
-1592.8214706748856	-2146.7732405338143
-1592.8214706748856	-2160.307603190906
-1579.2871080177943	-2173.841965847997
-1579.2871080177943	-2187.3763285050886
-1579.2871080177943	-2200.9106911621802
-1565.7527453607026	-2214.445053819272
-1565.7527453607026	-2227.9794164763634
-1552.218382703611	-2241.513779133455
-1538.6840200465194	-2241.513779133455
-1525.1496573894278	-2255.0481417905467
-1511.6152947323365	-2268.5825044476383
-1498.0809320752448	-2282.11686710473
-1498.0809320752448	-2295.6512297618215
-1484.5465694181532	-2309.1855924189126
-1484.5465694181532	-2322.719955076004
-1471.0122067610616	-2322.719955076004
-1457.47784410397	-2336.254317733096
-1443.9434814468786	-2336.254317733096
-1430.409118789787	-2349.7886803901874
-1416.8747561326954	-2363.323043047279
-1403.3403934756038	-2376.8574057043706
-1403.3403934756038	-2390.3917683614623
-1389.8060308185122	-2403.926131018554
-1376.2716681614206	-2417.4604936756455
-1376.2716681614206	-2430.994856332737
-1362.7373055043292	-2444.5292189898287
-1349.2029428472376	-2444.5292189898287
-1335.668580190146	-2444.5292189898287
-1322.1342175330544	-2458.06358164692
-1308.5998548759628	-2458.06358164692
-1295.0654922188714	-2471.5979443040114
-1281.5311295617798	-2471.5979443040114
-1267.9967669046882	-2485.132306961103
-1254.4624042475966	-2485.132306961103
-1240.928041590505	-2485.132306961103
-1227.3936789334136	-2485.132306961103
-1213.859316276322	-2498.6666696181946
-1200.3249536192304	-2498.6666696181946
-1186.7905909621388	-2498.6666696181946
-1173.2562283050472	-2512.2010322752863
-1173.2562283050472	-2525.735394932378
-1159.7218656479556	-2525.735394932378
-1146.1875029908642	-2539.2697575894695
-1132.6531403337726	-2539.2697575894695
-1119.118777676681	-2552.804120246561
-1105.5844150195894	-2566.3384829036527
-1092.0500523624978	-2566.3384829036527
-1078.5156897054064	-2566.3384829036527
-1064.9813270483148	-2579.8728455607443
-1051.4469643912232	-2593.407208217836
-1051.4469643912232	-2606.941570874927
-1037.9126017341316	-2606.941570874927
-1024.37823907704	-2606.941570874927
-1010.8438764199485	-2606.941570874927
-997.3095137628569	-2606.941570874927
-983.7751511057654	-2606.941570874927
-970.2407884486738	-2606.941570874927
-956.7064257915823	-2620.4759335320186
-943.1720631344907	-2620.4759335320186
-929.6377004773991	-2620.4759335320186
-916.1033378203076	-2620.4759335320186
-902.568975163216	-2634.0102961891102
-889.0346125061244	-2647.544658846202
-875.5002498490329	-2647.544658846202
-861.9658871919413	-2661.0790215032935
-861.9658871919413	-2674.613384160385
-848.4315245348498	-2688.1477468174767
-834.8971618777582	-2701.6821094745683
-821.3627992206666	-2701.6821094745683
-807.8284365635751	-2715.21647213166
-794.2940739064835	-2728.7508347887515
-780.7597112493919	-2728.7508347887515
-767.2253485923004	-2742.2851974458426
-753.6909859352088	-2742.2851974458426
-740.1566232781173	-2755.8195601029342
-726.6222606210257	-2755.8195601029342
-713.0878979639341	-2755.8195601029342
-699.5535353068426	-2769.353922760026
-686.019172649751	-2769.353922760026
-672.4848099926594	-2782.8882854171175
-658.9504473355679	-2782.8882854171175
-645.4160846784763	-2796.422648074209
-631.8817220213848	-2809.9570107313007
-618.3473593642932	-2809.9570107313007
-604.8129967072016	-2823.4913733883923
-604.8129967072016	-2837.025736045484
-591.2786340501101	-2837.025736045484
-577.7442713930185	-2837.025736045484
-564.2099087359269	-2850.5600987025755
-550.6755460788354	-2850.5600987025755
-537.1411834217438	-2850.5600987025755
-523.6068207646523	-2864.094461359667
-510.0724581075607	-2864.094461359667
-496.53809545046914	-2864.094461359667
-483.00373279337754	-2877.6288240167587
-469.469370136286	-2877.6288240167587
-455.93500747919444	-2877.6288240167587
-442.4006448221029	-2891.16318667385
-428.8662821650113	-2904.6975493309415
-415.33191950791974	-2904.6975493309415
-401.7975568508282	-2918.231911988033
-388.26319419373664	-2931.7662746451247
-374.72883153664503	-2931.7662746451247
-361.1944688795535	-2931.7662746451247
-347.66010622246193	-2945.3006373022163
-334.1257435653704	-2945.3006373022163
-320.5913809082788	-2958.834999959308
-307.05701825118723	-2958.834999959308
-293.5226555940957	-2958.834999959308
-279.98829293700413	-2972.3693626163995
-279.98829293700413	-2985.903725273491
-266.4539302799125	-2985.903725273491
-252.91956762282098	-2999.4380879305827
-239.38520496572943	-3012.9724505876743
-225.85084230863785	-3026.506813244766
-212.3164796515463	-3026.506813244766
-198.78211699445473	-3026.506813244766
-185.24775433736318	-3026.506813244766
-171.7133916802716	-3026.506813244766
-158.17902902318005	-3026.506813244766
-144.64466636608847	-3040.041175901857
-131.11030370899692	-3053.5755385589487
-117.57594105190535	-3053.5755385589487
-104.04157839481378	-3053.5755385589487
-90.50721573772222	-3053.5755385589487
-76.97285308063066	-3053.5755385589487
-63.43849042353909	-3053.5755385589487
-49.90412776644753	-3053.5755385589487
-36.36976510935597	-3040.041175901857
-22.835402452264407	-3040.041175901857
-9.301039795172843	-3026.506813244766
4.233322861918721	-3012.9724505876743
17.767685519010282	-2999.4380879305827
31.302048176101845	-2999.4380879305827
44.83641083319341	-2985.903725273491
58.370773490284975	-2972.3693626163995
71.90513614737654	-2958.834999959308
85.4394988044681	-2958.834999959308
98.97386146155966	-2945.3006373022163
112.50822411865123	-2931.7662746451247
126.04258677574279	-2918.231911988033
139.57694943283434	-2904.6975493309415
153.11131208992592	-2891.16318667385
153.11131208992592	-2877.6288240167587
166.64567474701747	-2864.094461359667
166.64567474701747	-2850.5600987025755
166.64567474701747	-2837.025736045484
180.18003740410904	-2823.4913733883923
180.18003740410904	-2809.9570107313007
193.7144000612006	-2796.422648074209
193.7144000612006	-2782.8882854171175
193.7144000612006	-2769.353922760026
207.24876271829217	-2755.8195601029342
207.24876271829217	-2742.2851974458426
207.24876271829217	-2728.7508347887515
207.24876271829217	-2715.21647213166
220.78312537538372	-2701.6821094745683
220.78312537538372	-2688.1477468174767
220.78312537538372	-2674.613384160385
220.78312537538372	-2661.0790215032935
220.78312537538372	-2647.544658846202
220.78312537538372	-2634.0102961891102
220.78312537538372	-2620.4759335320186
220.78312537538372	-2606.941570874927
220.78312537538372	-2593.407208217836
220.78312537538372	-2579.8728455607443
220.78312537538372	-2566.3384829036527
234.3174880324753	-2552.804120246561
234.3174880324753	-2539.2697575894695
234.3174880324753	-2525.735394932378
234.3174880324753	-2512.2010322752863
234.3174880324753	-2498.6666696181946
234.3174880324753	-2485.132306961103
247.85185068956685	-2471.5979443040114
247.85185068956685	-2458.06358164692
247.85185068956685	-2444.5292189898287
247.85185068956685	-2430.994856332737
261.3862133466584	-2417.4604936756455
261.3862133466584	-2403.926131018554
261.3862133466584	-2390.3917683614623
274.92057600375	-2376.8574057043706
288.45493866084155	-2363.323043047279
301.9893013179331	-2349.7886803901874
301.9893013179331	-2336.254317733096
315.52366397502465	-2322.719955076004
315.52366397502465	-2309.1855924189126
329.05802663211625	-2295.6512297618215
342.5923892892078	-2282.11686710473
356.12675194629935	-2268.5825044476383
356.12675194629935	-2255.0481417905467
369.6611146033909	-2241.513779133455
383.1954772604825	-2227.9794164763634
396.72983991757405	-2214.445053819272
396.72983991757405	-2200.9106911621802
410.2642025746656	-2187.3763285050886
423.79856523175715	-2187.3763285050886
437.33292788884876	-2173.841965847997
450.8672905459403	-2160.307603190906
464.40165320303186	-2146.7732405338143
477.9360158601234	-2133.2388778767227
491.470378517215	-2119.704515219631
505.00474117430656	-2106.1701525625394
518.5391038313982	-2092.635789905448
532.0734664884897	-2079.1014272483562
532.0734664884897	-2065.5670645912646
545.6078291455813	-2052.032701934173
559.1421918026728	-2038.4983392770816
572.6765544597644	-2024.96397661999
572.6765544597644	-2011.4296139628984
586.210917116856	-1997.8952513058068
586.210917116856	-1984.3608886487152
586.210917116856	-1970.8265259916238
586.210917116856	-1957.2921633345322
586.210917116856	-1943.7578006774406
586.210917116856	-1930.223438020349
586.210917116856	-1916.6890753632574
586.210917116856	-1903.154712706166
586.210917116856	-1889.6203500490744
586.210917116856	-1876.0859873919828
599.7452797739475	-1862.5516247348912
599.7452797739475	-1849.0172620777996
599.7452797739475	-1835.4828994207082
599.7452797739475	-1821.9485367636166
599.7452797739475	-1808.414174106525
586.210917116856	-1794.8798114494334
586.210917116856	-1781.3454487923418
572.6765544597644	-1767.8110861352502
572.6765544597644	-1754.2767234781588
572.6765544597644	-1740.7423608210672
572.6765544597644	-1727.2079981639756
559.1421918026728	-1713.673635506884
559.1421918026728	-1700.1392728497924
559.1421918026728	-1686.604910192701
545.6078291455813	-1673.0705475356094
545.6078291455813	-1659.5361848785178
545.6078291455813	-1646.0018222214262
532.0734664884897	-1632.4674595643346
532.0734664884897	-1618.9330969072432
532.0734664884897	-1605.3987342501516
532.0734664884897	-1591.86437159306
532.0734664884897	-1578.3300089359684
518.5391038313982	-1564.7956462788768
518.5391038313982	-1551.2612836217852
518.5391038313982	-1537.7269209646938
518.5391038313982	-1524.1925583076022
518.5391038313982	-1510.6581956505106
518.5391038313982	-1497.123832993419
518.5391038313982	-1483.5894703363274
518.5391038313982	-1470.055107679236
518.5391038313982	-1456.5207450221444
518.5391038313982	-1442.9863823650528
518.5391038313982	-1429.4520197079612
532.0734664884897	-1415.9176570508696
545.6078291455813	-1402.3832943937782
559.1421918026728	-1388.8489317366866
559.1421918026728	-1375.314569079595
572.6765544597644	-1361.7802064225034
572.6765544597644	-1348.2458437654118
572.6765544597644	-1334.7114811083202
572.6765544597644	-1321.1771184512288
572.6765544597644	-1307.6427557941372
572.6765544597644	-1294.1083931370456
586.210917116856	-1280.574030479954
586.210917116856	-1267.0396678228624
599.7452797739475	-1253.505305165771
599.7452797739475	-1239.9709425086794
599.7452797739475	-1226.4365798515878
613.2796424310391	-1212.9022171944962
613.2796424310391	-1199.3678545374046
613.2796424310391	-1185.8334918803132
613.2796424310391	-1172.2991292232216
626.8140050881307	-1158.76476656613
626.8140050881307	-1145.2304039090384
626.8140050881307	-1131.6960412519468
626.8140050881307	-1118.1616785948552
626.8140050881307	-1104.6273159377638
626.8140050881307	-1091.0929532806722
626.8140050881307	-1077.5585906235806
626.8140050881307	-1064.024227966489
626.8140050881307	-1050.4898653093974
626.8140050881307	-1036.955502652306
626.8140050881307	-1023.4211399952144
626.8140050881307	-1009.8867773381228
640.3483677452222	-996.3524146810312
640.3483677452222	-982.8180520239397
640.3483677452222	-969.2836893668481
653.8827304023138	-955.7493267097565
653.8827304023138	-942.214964052665
653.8827304023138	-928.6806013955734
653.8827304023138	-915.1462387384819
653.8827304023138	-901.6118760813903
640.3483677452222	-888.0775134242987
640.3483677452222	-874.5431507672072
640.3483677452222	-861.0087881101156
640.3483677452222	-847.474425453024
640.3483677452222	-833.9400627959325
653.8827304023138	-820.4057001388409
653.8827304023138	-806.8713374817494
653.8827304023138	-793.3369748246578
653.8827304023138	-779.8026121675662
653.8827304023138	-766.2682495104747
653.8827304023138	-752.7338868533831
653.8827304023138	-739.1995241962915
653.8827304023138	-725.6651615392
653.8827304023138	-712.1307988821084
640.3483677452222	-698.5964362250169
640.3483677452222	-685.0620735679253
640.3483677452222	-671.5277109108337
626.8140050881307	-657.9933482537422
613.2796424310391	-644.4589855966506
613.2796424310391	-630.924622939559
599.7452797739475	-630.924622939559
586.210917116856	-617.3902602824675
572.6765544597644	-617.3902602824675
559.1421918026728	-603.8558976253759
559.1421918026728	-590.3215349682844
545.6078291455813	-590.3215349682844
532.0734664884897	-576.7871723111928
532.0734664884897	-563.2528096541012
532.0734664884897	-549.7184469970097
532.0734664884897	-536.1840843399181
532.0734664884897	-522.6497216828265
545.6078291455813	-509.11535902573496
559.1421918026728	-495.58099636864335
572.6765544597644	-482.0466337115518
586.210917116856	-468.51227105446026
599.7452797739475	-454.9779083973687
613.2796424310391	-454.9779083973687
613.2796424310391	-441.4435457402771
626.8140050881307	-427.90918308318555
640.3483677452222	-427.90918308318555
653.8827304023138	-414.374820426094
667.4170930594053	-414.374820426094
680.9514557164969	-400.84045776900246
694.4858183735885	-387.30609511191085
708.02018103068	-387.30609511191085
721.5545436877716	-387.30609511191085
735.0889063448632	-373.7717324548193
748.6232690019547	-373.7717324548193
762.1576316590463	-360.23736979772775
775.6919943161378	-360.23736979772775
789.2263569732294	-360.23736979772775
802.760719630321	-360.23736979772775
816.2950822874125	-360.23736979772775
829.8294449445041	-360.23736979772775
843.3638076015957	-360.23736979772775
856.8981702586872	-346.7030071406362
870.4325329157788	-346.7030071406362
883.9668955728703	-333.1686444835446
897.5012582299619	-319.63428182645305
911.0356208870535	-319.63428182645305
924.569983544145	-306.0999191693615
938.1043462012366	-292.56555651226995
951.6387088583282	-279.03119385517834
965.1730715154197	-265.4968311980868
978.7074341725113	-251.96246854099525
992.2417968296028	-238.42810588390367
1005.7761594866944	-224.89374322681212
1019.310522143786	-211.35938056972054
1032.8448848008775	-197.825017912629
1032.8448848008775	-184.29065525553742
1046.379247457969	-170.75629259844587
1059.9136101150607	-157.2219299413543
1073.4479727721523	-157.2219299413543
1086.9823354292437	-157.2219299413543
1100.5166980863353	-157.2219299413543
1114.051060743427	-143.68756728426274
1127.5854234005185	-143.68756728426274
1141.11978605761	-130.15320462717116
1154.6541487147015	-130.15320462717116
1168.188511371793	-116.6188419700796
1181.7228740288847	-103.08447931298804
1195.2572366859763	-89.55011665589647
1208.791599343068	-89.55011665589647
1222.3259620001595	-89.55011665589647
1235.8603246572509	-76.01575399880491
1249.3946873143425	-76.01575399880491
1262.929049971434	-62.481391341713355
1276.4634126285257	-62.481391341713355
1289.9977752856173	-62.481391341713355
1303.5321379427087	-62.481391341713355
1317.0665005998003	-48.94702868462179
1330.600863256892	-48.94702868462179
1344.1352259139835	-35.41266602753023
1357.669588571075	-21.878303370438662
1371.2039512281665	-21.878303370438662
1384.738313885258	-8.343940713347099
1398.2726765423497	-8.343940713347099
1411.8070391994413	-8.343940713347099
1425.341401856533	5.1904219437444645
1438.8757645136245	5.1904219437444645
1438.8757645136245	18.724784600836028
1452.410127170716	32.25914725792759
1465.9444898278075	32.25914725792759
1465.9444898278075	45.79350991501915
1479.478852484899	59.327872572110714
1493.0132151419907	59.327872572110714
1493.0132151419907	72.86223522920228
1506.5475777990823	86.39659788629385
1506.5475777990823	99.93096054338541
1520.0819404561737	113.46532320047697
1520.0819404561737	126.99968585756854
1520.0819404561737	140.5340485146601
1520.0819404561737	154.06841117175165
1533.6163031132653	167.60277382884323
1547.150665770357	181.13713648593478
1547.150665770357	194.67149914302635
1560.6850284274485	208.2058618001179
1574.2193910845401	221.74022445720948
1574.2193910845401	235.27458711430103
1587.7537537416315	248.8089497713926
1601.288116398723	262.3433124284842
1601.288116398723	275.87767508557573
1614.8224790558147	289.4120377426673
1628.3568417129063	302.94640039975883
1641.891204369998	316.48076305685044
1655.4255670270895	316.48076305685044
1668.959929684181	330.015125713942
1668.959929684181	343.54948837103353
1682.4942923412725	357.0838510281251
1682.4942923412725	370.6182136852167
1696.0286549983641	384.15257634230824
1709.5630176554557	397.6869389993998
1723.0973803125473	411.22130165649133
1736.6317429696387	424.75566431358294
1750.1661056267303	438.2900269706745
1763.700468283822	451.82438962776604
1777.2348309409135	451.82438962776604
1790.7691935980051	465.3587522848576
1804.3035562550965	465.3587522848576
1817.8379189121881	465.3587522848576
1831.3722815692797	465.3587522848576
1844.9066442263713	478.8931149419492
1858.441006883463	492.42747759904074
1871.9753695405545	492.42747759904074
1885.509732197646	505.9618402561323
1899.0440948547375	519.4962029132239
1912.5784575118291	533.0305655703154
1926.1128201689207	533.0305655703154
1926.1128201689207	546.564928227407
1939.6471828260123	560.0992908844986
1953.1815454831037	573.6336535415901
1966.7159081401953	587.1680161986817
1980.250270797287	600.7023788557732
1993.7846334543785	614.2367415128648
2007.3189961114701	627.7711041699564
2020.8533587685615	641.3054668270479
2034.3877214256531	654.8398294841395
2047.9220840827447	654.8398294841395
2061.4564467398363	654.8398294841395
2074.990809396928	654.8398294841395
2088.5251720540195	668.3741921412311
2102.059534711111	668.3741921412311
2115.5938973682028	681.9085547983226
2129.128260025294	695.4429174554142
2142.6626226823855	708.9772801125057
2156.196985339477	722.5116427695973
2169.7313479965687	736.0460054266889
2183.2657106536603	749.5803680837804
2196.800073310752	763.114730740872
2196.800073310752	776.6490933979636
2210.3344359678435	790.1834560550551
2223.868798624935	803.7178187121467
2237.4031612820268	803.7178187121467
2250.9375239391184	817.2521813692382
2250.9375239391184	830.7865440263298
2264.47188659621	844.3209066834214
2278.006249253301	857.8552693405129
2291.5406119103927	871.3896319976045
2305.0749745674843	884.9239946546961
2318.609337224576	898.4583573117876
2332.1436998816675	911.9927199688792
2332.1436998816675	925.5270826259707
2345.678062538759	939.0614452830623
2359.2124251958508	939.0614452830623
2372.7467878529424	952.5958079401539
2386.281150510034	966.1301705972454
2386.281150510034	979.664533254337
2386.281150510034	993.1988959114286
2399.8155131671256	1006.7332585685201
2399.8155131671256	1020.2676212256117
2413.349875824217	1033.8019838827033
2426.8842384813083	1047.336346539795
2426.8842384813083	1060.8707091968863
2440.4186011384	1074.405071853978
2440.4186011384	1087.9394345110695
2453.9529637954915	1101.4737971681611
2453.9529637954915	1115.0081598252527
2467.487326452583	1128.542522482344
2481.0216891096748	1142.0768851394357
2481.0216891096748	1155.6112477965273
2481.0216891096748	1169.145610453619
2494.5560517667664	1182.6799731107105
2494.5560517667664	1196.214335767802
2494.5560517667664	1209.7486984248935
2494.5560517667664	1223.2830610819851
2494.5560517667664	1236.8174237390767
2494.5560517667664	1250.3517863961683
2494.5560517667664	1263.88614905326
2481.0216891096748	1277.4205117103513
2481.0216891096748	1290.954874367443
2481.0216891096748	1304.4892370245345
2481.0216891096748	1318.0235996816261
2481.0216891096748	1331.5579623387177
2481.0216891096748	1345.0923249958091
2494.5560517667664	1358.6266876529007
2494.5560517667664	1372.1610503099923
2494.5560517667664	1385.695412967084
2494.5560517667664	1399.2297756241755
2494.5560517667664	1412.764138281267
2494.5560517667664	1426.2985009383585
2494.5560517667664	1439.8328635954501
2494.5560517667664	1453.3672262525417
2494.5560517667664	1466.9015889096333
2494.5560517667664	1480.435951566725
2481.0216891096748	1493.9703142238163
2467.487326452583	1507.504676880908
2453.9529637954915	1521.0390395379995
2440.4186011384	1534.5734021950911
2426.8842384813083	1548.1077648521828
2413.349875824217	1561.6421275092741
2399.8155131671256	1575.1764901663657
2386.281150510034	1588.7108528234573
2386.281150510034	1602.245215480549
2372.7467878529424	1615.7795781376406
2359.2124251958508	1629.313940794732
2345.678062538759	1642.8483034518235
2332.1436998816675	1656.3826661089151
2332.1436998816675	1669.9170287660068
2332.1436998816675	1683.4513914230984
2318.609337224576	1696.98575408019
2305.0749745674843	1710.5201167372813
2305.0749745674843	1724.054479394373
2291.5406119103927	1737.5888420514646
2291.5406119103927	1751.1232047085562
2278.006249253301	1764.6575673656478
2278.006249253301	1778.1919300227391
2278.006249253301	1791.7262926798307
2264.47188659621	1805.2606553369224
2250.9375239391184	1818.795017994014
2237.4031612820268	1832.3293806511056
2237.4031612820268	1845.863743308197
2223.868798624935	1859.3981059652886
2223.868798624935	1872.9324686223802
2223.868798624935	1886.4668312794718
2210.3344359678435	1900.0011939365634
2210.3344359678435	1913.535556593655
2196.800073310752	1927.0699192507464
2183.2657106536603	1940.604281907838
2183.2657106536603	1954.1386445649296
2183.2657106536603	1967.6730072220212
2183.2657106536603	1981.2073698791128
2183.2657106536603	1994.7417325362042
2169.7313479965687	2008.2760951932958
2156.196985339477	2021.8104578503874
2156.196985339477	2035.344820507479
2142.6626226823855	2048.8791831645703
2129.128260025294	2062.413545821662
2129.128260025294	2075.9479084787536
2115.5938973682028	2089.482271135845
2115.5938973682028	2103.016633792937
2115.5938973682028	2116.5509964500284
2102.059534711111	2130.08535910712
2102.059534711111	2143.6197217642116
2088.5251720540195	2157.154084421303
2088.5251720540195	2170.6884470783943
2088.5251720540195	2184.222809735486
2074.990809396928	2197.7571723925776
2074.990809396928	2211.291535049669
2061.4564467398363	2224.8258977067608
2047.9220840827447	2238.3602603638524
2034.3877214256531	2251.894623020944
2020.8533587685615	2265.4289856780356
2007.3189961114701	2278.963348335127
1993.7846334543785	2292.497710992219
1980.250270797287	2306.0320736493104
1966.7159081401953	2319.5664363064016
1953.1815454831037	2333.100798963493
1953.1815454831037	2346.6351616205848
1939.6471828260123	2360.1695242776764
1926.1128201689207	2373.703886934768
1926.1128201689207	2387.2382495918596
1912.5784575118291	2400.772612248951
1899.0440948547375	2414.306974906043
1885.509732197646	2414.306974906043
1871.9753695405545	2427.8413375631344
1871.9753695405545	2441.375700220226
1858.441006883463	2454.9100628773176
1844.9066442263713	2454.9100628773176
1831.3722815692797	2454.9100628773176
1817.8379189121881	2468.4444255344088
1804.3035562550965	2468.4444255344088
1790.7691935980051	2481.9787881915004
1777.2348309409135	2495.513150848592
1763.700468283822	2495.513150848592
1750.1661056267303	2509.0475135056836
1736.6317429696387	2509.0475135056836
1723.0973803125473	2522.581876162775
1723.0973803125473	2536.116238819867
1709.5630176554557	2536.116238819867
1696.0286549983641	2549.6506014769584
1682.4942923412725	2549.6506014769584
1668.959929684181	2563.18496413405
1655.4255670270895	2576.7193267911416
1641.891204369998	2590.253689448233
1628.3568417129063	2603.7880521053244
1614.8224790558147	2617.322414762416
1601.288116398723	2630.8567774195076
1601.288116398723	2644.391140076599
1587.7537537416315	2657.925502733691
1574.2193910845401	2657.925502733691
1560.6850284274485	2671.4598653907824
1547.150665770357	2671.4598653907824
1533.6163031132653	2671.4598653907824
1520.0819404561737	2657.925502733691
1506.5475777990823	2657.925502733691
1493.0132151419907	2657.925502733691
1479.478852484899	2657.925502733691
1465.9444898278075	2657.925502733691
1452.410127170716	2657.925502733691
1438.8757645136245	2657.925502733691
1425.341401856533	2644.391140076599
1411.8070391994413	2644.391140076599
1398.2726765423497	2644.391140076599
1384.738313885258	2644.391140076599
1371.2039512281665	2644.391140076599
1357.669588571075	2644.391140076599
1344.1352259139835	2644.391140076599
1330.600863256892	2657.925502733691
1317.0665005998003	2657.925502733691
1303.5321379427087	2657.925502733691
1289.9977752856173	2657.925502733691
1276.4634126285257	2671.4598653907824
1262.929049971434	2671.4598653907824
1249.3946873143425	2671.4598653907824
1235.8603246572509	2684.994228047874
1222.3259620001595	2684.994228047874
1208.791599343068	2684.994228047874
1195.2572366859763	2698.5285907049656
1181.7228740288847	2698.5285907049656
1168.188511371793	2712.062953362057
1154.6541487147015	2712.062953362057
1141.11978605761	2712.062953362057
1127.5854234005185	2712.062953362057
1114.051060743427	2712.062953362057
1100.5166980863353	2712.062953362057
1086.9823354292437	2725.597316019149
1073.4479727721523	2725.597316019149
1059.9136101150607	2739.1316786762404
1046.379247457969	2752.6660413333316
1032.8448848008775	2752.6660413333316
1019.310522143786	2752.6660413333316
1005.7761594866944	2752.6660413333316
992.2417968296028	2752.6660413333316
978.7074341725113	2752.6660413333316
965.1730715154197	2752.6660413333316
951.6387088583282	2752.6660413333316
938.1043462012366	2752.6660413333316
924.569983544145	2752.6660413333316
911.0356208870535	2739.1316786762404
897.5012582299619	2739.1316786762404
883.9668955728703	2739.1316786762404
870.4325329157788	2739.1316786762404
856.8981702586872	2739.1316786762404
843.3638076015957	2739.1316786762404
829.8294449445041	2739.1316786762404
816.2950822874125	2725.597316019149
802.760719630321	2725.597316019149
789.2263569732294	2712.062953362057
775.6919943161378	2698.5285907049656
762.1576316590463	2698.5285907049656
748.6232690019547	2698.5285907049656
735.0889063448632	2684.994228047874
721.5545436877716	2684.994228047874
708.02018103068	2684.994228047874
694.4858183735885	2684.994228047874
680.9514557164969	2698.5285907049656
667.4170930594053	2712.062953362057
653.8827304023138	2712.062953362057
640.3483677452222	2712.062953362057
626.8140050881307	2725.597316019149
613.2796424310391	2725.597316019149
599.7452797739475	2725.597316019149
586.210917116856	2712.062953362057
572.6765544597644	2712.062953362057
559.1421918026728	2698.5285907049656
545.6078291455813	2698.5285907049656
532.0734664884897	2684.994228047874
518.5391038313982	2684.994228047874
505.00474117430656	2684.994228047874
491.470378517215	2671.4598653907824
477.9360158601234	2671.4598653907824
464.40165320303186	2657.925502733691
450.8672905459403	2657.925502733691
437.33292788884876	2644.391140076599
423.79856523175715	2644.391140076599
410.2642025746656	2644.391140076599
396.72983991757405	2630.8567774195076
383.1954772604825	2630.8567774195076
369.6611146033909	2630.8567774195076
356.12675194629935	2630.8567774195076
342.5923892892078	2630.8567774195076
329.05802663211625	2630.8567774195076
315.52366397502465	2617.322414762416
301.9893013179331	2617.322414762416
288.45493866084155	2617.322414762416
274.92057600375	2617.322414762416
261.3862133466584	2603.7880521053244
247.85185068956685	2603.7880521053244
234.3174880324753	2603.7880521053244
220.78312537538372	2590.253689448233
207.24876271829217	2590.253689448233
193.7144000612006	2576.7193267911416
