# particle morphology
# using file: 10-05X-H.png
#
#x/µm	y/µm
-203.60408037932774	820.0226540044298
-212.85530120518052	810.771433178577
-222.1065220310333	810.771433178577
-231.3577428568861	810.771433178577
-240.60896368273887	810.771433178577
-249.86018450859166	801.5202123527242
-259.11140533444444	801.5202123527242
-268.3626261602972	801.5202123527242
-277.61384698615	792.2689915268714
-286.8650678120028	792.2689915268714
-296.1162886378556	792.2689915268714
-305.36750946370836	783.0177707010187
-314.61873028956114	783.0177707010187
-323.8699511154139	773.7665498751659
-333.1211719412667	773.7665498751659
-342.3723927671195	764.5153290493131
-351.6236135929723	764.5153290493131
-360.87483441882506	764.5153290493131
-370.12605524467784	764.5153290493131
-379.3772760705306	764.5153290493131
-388.6284968963834	764.5153290493131
-397.8797177222362	755.2641082234603
-407.130938548089	755.2641082234603
-416.38215937394176	746.0128873976075
-425.63338019979454	746.0128873976075
-434.8846010256473	736.7616665717547
-444.1358218515001	736.7616665717547
-453.3870426773529	736.7616665717547
-462.6382635032057	736.7616665717547
-471.88948432905846	736.7616665717547
-481.14070515491125	736.7616665717547
-490.39192598076403	736.7616665717547
-499.6431468066168	736.7616665717547
-508.8943676324696	736.7616665717547
-518.1455884583223	727.510445745902
-527.3968092841751	727.510445745902
-536.6480301100279	727.510445745902
-545.8992509358807	727.510445745902
-555.1504717617335	727.510445745902
-564.4016925875862	727.510445745902
-573.652913413439	727.510445745902
-582.9041342392918	736.7616665717547
-592.1553550651446	736.7616665717547
-601.4065758909974	736.7616665717547
-610.6577967168502	736.7616665717547
-619.9090175427029	727.510445745902
-629.1602383685557	727.510445745902
-638.4114591944085	727.510445745902
-647.6626800202613	727.510445745902
-656.9139008461141	718.2592249200492
-666.1651216719669	718.2592249200492
-675.4163424978196	718.2592249200492
-684.6675633236724	718.2592249200492
-693.9187841495252	718.2592249200492
-703.170004975378	718.2592249200492
-712.4212258012308	718.2592249200492
-721.6724466270836	709.0080040941964
-730.9236674529363	709.0080040941964
-740.1748882787891	709.0080040941964
-749.4261091046419	709.0080040941964
-758.6773299304947	709.0080040941964
-767.9285507563475	709.0080040941964
-777.1797715822003	709.0080040941964
-786.430992408053	699.7567832683436
-795.6822132339058	699.7567832683436
-804.9334340597586	699.7567832683436
-814.1846548856114	699.7567832683436
-823.4358757114642	699.7567832683436
-832.687096537317	699.7567832683436
-841.9383173631697	699.7567832683436
-851.1895381890225	699.7567832683436
-860.4407590148753	690.5055624424908
-869.6919798407281	690.5055624424908
-878.9432006665809	690.5055624424908
-888.1944214924337	690.5055624424908
-897.4456423182864	690.5055624424908
-906.6968631441392	690.5055624424908
-915.948083969992	690.5055624424908
-925.1993047958448	690.5055624424908
-934.4505256216976	690.5055624424908
-943.7017464475504	690.5055624424908
-952.9529672734031	690.5055624424908
-962.2041880992559	690.5055624424908
-971.4554089251087	690.5055624424908
-980.7066297509615	690.5055624424908
-989.9578505768143	690.5055624424908
-999.2090714026671	690.5055624424908
-1008.4602922285198	690.5055624424908
-1017.7115130543726	681.254341616638
-1026.9627338802254	681.254341616638
-1036.2139547060783	681.254341616638
-1045.465175531931	681.254341616638
-1054.7163963577839	681.254341616638
-1063.9676171836365	681.254341616638
-1073.2188380094894	681.254341616638
-1082.4700588353421	681.254341616638
-1091.721279661195	672.0031207907853
-1100.9725004870477	672.0031207907853
-1110.2237213129006	672.0031207907853
-1119.4749421387532	672.0031207907853
-1128.7261629646061	662.7518999649325
-1137.9773837904588	662.7518999649325
-1147.2286046163117	662.7518999649325
-1156.4798254421644	653.5006791390797
-1165.7310462680173	653.5006791390797
-1174.98226709387	644.2494583132269
-1184.2334879197228	644.2494583132269
-1193.4847087455755	644.2494583132269
-1202.7359295714284	634.9982374873741
-1211.987150397281	634.9982374873741
-1221.238371223134	634.9982374873741
-1230.4895920489867	634.9982374873741
-1239.7408128748395	634.9982374873741
-1248.9920337006922	634.9982374873741
-1258.2432545265451	634.9982374873741
-1267.4944753523978	625.7470166615213
-1276.7456961782507	625.7470166615213
-1285.9969170041034	616.4957958356686
-1295.2481378299562	616.4957958356686
-1304.499358655809	616.4957958356686
-1313.7505794816618	607.2445750098158
-1323.0018003075145	607.2445750098158
-1332.2530211333674	607.2445750098158
-1341.50424195922	607.2445750098158
-1350.755462785073	597.993354183963
-1360.0066836109256	597.993354183963
-1369.2579044367785	588.7421333581102
-1378.5091252626312	588.7421333581102
-1387.760346088484	579.4909125322574
-1397.0115669143368	579.4909125322574
-1406.2627877401897	570.2396917064046
-1415.5140085660423	560.9884708805519
-1424.7652293918952	560.9884708805519
-1434.016450217748	551.7372500546991
-1443.2676710436008	551.7372500546991
-1452.5188918694535	551.7372500546991
-1461.7701126953064	542.4860292288463
-1471.021333521159	542.4860292288463
-1480.272554347012	542.4860292288463
-1489.5237751728646	542.4860292288463
-1498.7749959987175	542.4860292288463
-1508.0262168245702	533.2348084029935
-1517.277437650423	533.2348084029935
-1526.5286584762757	533.2348084029935
-1535.7798793021286	523.9835875771407
-1545.0311001279813	523.9835875771407
-1554.2823209538342	523.9835875771407
-1563.5335417796869	523.9835875771407
-1572.7847626055398	514.7323667512879
-1582.0359834313924	514.7323667512879
-1591.2872042572453	514.7323667512879
-1600.538425083098	505.48114592543516
-1609.789645908951	505.48114592543516
-1619.0408667348036	505.48114592543516
-1628.2920875606565	505.48114592543516
-1637.5433083865091	505.48114592543516
-1646.794529212362	505.48114592543516
-1656.0457500382147	505.48114592543516
-1665.2969708640676	505.48114592543516
-1674.5481916899203	505.48114592543516
-1683.7994125157732	505.48114592543516
-1693.0506333416258	505.48114592543516
-1702.3018541674787	496.2299250995824
-1711.5530749933314	496.2299250995824
-1720.8042958191843	496.2299250995824
-1730.055516645037	496.2299250995824
-1739.3067374708899	486.9787042737296
-1748.5579582967425	486.9787042737296
-1757.8091791225954	486.9787042737296
-1767.060399948448	486.9787042737296
-1776.311620774301	486.9787042737296
-1785.5628416001537	486.9787042737296
-1794.8140624260066	477.7274834478768
-1804.0652832518592	477.7274834478768
-1813.3165040777121	477.7274834478768
-1822.5677249035648	477.7274834478768
-1831.8189457294177	477.7274834478768
-1841.0701665552704	468.476262622024
-1850.3213873811233	468.476262622024
-1859.572608206976	468.476262622024
-1868.8238290328288	459.22504179617124
-1878.0750498586815	459.22504179617124
-1887.3262706845344	449.97382097031846
-1896.577491510387	449.97382097031846
-1905.82871233624	449.97382097031846
-1915.0799331620926	440.7226001444657
-1924.3311539879455	440.7226001444657
-1933.5823748137982	431.4713793186129
-1942.833595639651	431.4713793186129
-1952.0848164655038	422.2201584927601
-1961.3360372913567	412.9689376669073
-1970.5872581172093	403.71771684105454
-1979.8384789430622	394.46649601520176
-1989.089699768915	394.46649601520176
-1998.3409205947678	385.215275189349
-2007.5921414206205	385.215275189349
-2016.8433622464734	375.9640543634962
-2026.094583072326	366.7128335376434
-2035.345803898179	357.4616127117906
-2044.5970247240316	348.21039188593784
-2053.8482455498843	338.95917106008505
-2063.0994663757374	329.70795023423227
-2072.35068720159	320.4567294083795
-2081.6019080274427	311.2055085825267
-2090.8531288532954	311.2055085825267
-2100.1043496791485	301.9542877566739
-2109.355570505001	292.70306693082114
-2118.606791330854	292.70306693082114
-2127.8580121567065	283.45184610496835
-2137.1092329825597	274.20062527911557
-2146.3604538084123	274.20062527911557
-2155.611674634265	264.9494044532628
-2164.8628954601177	255.69818362741
-2174.114116285971	246.44696280155722
-2183.3653371118235	246.44696280155722
-2192.616557937676	237.19574197570444
-2192.616557937676	227.94452114985165
-2201.867778763529	218.69330032399887
-2211.118999589382	209.4420794981461
-2211.118999589382	200.1908586722933
-2220.3702204152346	190.93963784644052
-2229.6214412410873	190.93963784644052
-2238.87266206694	181.68841702058774
-2248.123882892793	172.43719619473495
-2257.3751037186457	172.43719619473495
-2266.6263245444984	172.43719619473495
-2275.877545370351	172.43719619473495
-2285.128766196204	172.43719619473495
-2294.379987022057	172.43719619473495
-2303.6312078479095	163.18597536888217
-2312.882428673762	163.18597536888217
-2322.1336494996153	153.93475454302938
-2331.384870325468	153.93475454302938
-2340.6360911513207	153.93475454302938
-2349.8873119771733	153.93475454302938
-2359.1385328030265	144.6835337171766
-2368.389753628879	144.6835337171766
-2377.640974454732	144.6835337171766
-2386.8921952805845	135.43231289132382
-2396.1434161064376	135.43231289132382
-2405.3946369322903	135.43231289132382
-2414.645857758143	126.18109206547103
-2423.8970785839956	116.92987123961825
-2423.8970785839956	107.67865041376547
-2423.8970785839956	98.42742958791268
-2423.8970785839956	89.1762087620599
-2423.8970785839956	79.92498793620712
-2414.645857758143	70.67376711035433
-2414.645857758143	61.42254628450155
-2405.3946369322903	61.42254628450155
-2396.1434161064376	52.17132545864877
-2386.8921952805845	42.92010463279598
-2377.640974454732	33.6688838069432
-2368.389753628879	33.6688838069432
-2359.1385328030265	24.41766298109042
-2349.8873119771733	24.41766298109042
-2340.6360911513207	15.166442155237634
-2331.384870325468	15.166442155237634
-2322.1336494996153	5.915221329384851
-2312.882428673762	5.915221329384851
-2303.6312078479095	-3.3359994964679327
-2294.379987022057	-3.3359994964679327
-2285.128766196204	-12.587220322320716
-2275.877545370351	-12.587220322320716
-2266.6263245444984	-12.587220322320716
-2257.3751037186457	-21.838441148173498
-2248.123882892793	-21.838441148173498
-2238.87266206694	-31.08966197402628
-2229.6214412410873	-40.34088279987907
-2220.3702204152346	-49.59210362573185
-2211.118999589382	-49.59210362573185
-2201.867778763529	-58.843324451584635
-2192.616557937676	-68.09454527743742
-2183.3653371118235	-68.09454527743742
-2174.114116285971	-77.3457661032902
-2164.8628954601177	-86.59698692914299
-2155.611674634265	-95.84820775499577
-2146.3604538084123	-95.84820775499577
-2137.1092329825597	-95.84820775499577
-2127.8580121567065	-105.09942858084855
-2118.606791330854	-105.09942858084855
-2109.355570505001	-105.09942858084855
-2100.1043496791485	-114.35064940670134
-2090.8531288532954	-114.35064940670134
-2081.6019080274427	-114.35064940670134
-2072.35068720159	-123.60187023255412
-2063.0994663757374	-123.60187023255412
-2053.8482455498843	-132.8530910584069
-2044.5970247240316	-132.8530910584069
-2035.345803898179	-132.8530910584069
-2026.094583072326	-132.8530910584069
-2016.8433622464734	-142.1043118842597
-2007.5921414206205	-142.1043118842597
-1998.3409205947678	-132.8530910584069
-1989.089699768915	-132.8530910584069
-1979.8384789430622	-142.1043118842597
-1970.5872581172093	-142.1043118842597
-1961.3360372913567	-151.35553271011247
-1952.0848164655038	-160.60675353596525
-1952.0848164655038	-169.85797436181804
-1952.0848164655038	-179.10919518767082
-1942.833595639651	-188.3604160135236
-1933.5823748137982	-197.6116368393764
-1924.3311539879455	-197.6116368393764
-1915.0799331620926	-206.86285766522917
-1905.82871233624	-206.86285766522917
-1896.577491510387	-216.11407849108195
-1887.3262706845344	-216.11407849108195
-1878.0750498586815	-225.36529931693474
-1868.8238290328288	-234.61652014278752
-1868.8238290328288	-243.8677409686403
-1859.572608206976	-243.8677409686403
-1850.3213873811233	-253.1189617944931
-1841.0701665552704	-253.1189617944931
-1831.8189457294177	-253.1189617944931
-1822.5677249035648	-253.1189617944931
-1813.3165040777121	-262.3701826203459
-1804.0652832518592	-253.1189617944931
-1794.8140624260066	-253.1189617944931
-1785.5628416001537	-262.3701826203459
-1776.311620774301	-271.62140344619866
-1767.060399948448	-280.87262427205144
-1757.8091791225954	-290.1238450979042
-1748.5579582967425	-299.375065923757
-1748.5579582967425	-308.6262867496098
-1748.5579582967425	-317.8775075754626
-1739.3067374708899	-317.8775075754626
-1730.055516645037	-327.12872840131536
-1720.8042958191843	-336.37994922716814
-1711.5530749933314	-345.6311700530209
-1711.5530749933314	-354.8823908788737
-1702.3018541674787	-364.1336117047265
-1693.0506333416258	-364.1336117047265
-1683.7994125157732	-373.3848325305793
-1683.7994125157732	-382.63605335643206
-1674.5481916899203	-382.63605335643206
-1665.2969708640676	-391.88727418228484
-1656.0457500382147	-401.1384950081376
-1646.794529212362	-410.3897158339904
-1637.5433083865091	-419.6409366598432
-1637.5433083865091	-428.892157485696
-1628.2920875606565	-438.14337831154876
-1619.0408667348036	-447.39459913740154
-1619.0408667348036	-456.6458199632543
-1609.789645908951	-465.8970407891071
-1609.789645908951	-475.1482616149599
-1609.789645908951	-484.3994824408127
-1609.789645908951	-493.65070326666546
-1609.789645908951	-502.90192409251824
-1609.789645908951	-512.153144918371
-1609.789645908951	-521.4043657442238
-1609.789645908951	-530.6555865700766
-1609.789645908951	-539.9068073959294
-1600.538425083098	-549.1580282217822
-1600.538425083098	-558.409249047635
-1600.538425083098	-567.6604698734877
-1591.2872042572453	-576.9116906993405
-1591.2872042572453	-586.1629115251933
-1582.0359834313924	-595.4141323510461
-1572.7847626055398	-604.6653531768989
-1563.5335417796869	-613.9165740027516
-1563.5335417796869	-623.1677948286044
-1554.2823209538342	-623.1677948286044
-1545.0311001279813	-632.4190156544572
-1535.7798793021286	-641.67023648031
-1526.5286584762757	-650.9214573061628
-1517.277437650423	-660.1726781320156
-1508.0262168245702	-669.4238989578683
-1508.0262168245702	-678.6751197837211
-1498.7749959987175	-687.9263406095739
-1498.7749959987175	-697.1775614354267
-1498.7749959987175	-706.4287822612795
-1489.5237751728646	-715.6800030871323
-1489.5237751728646	-724.931223912985
-1480.272554347012	-734.1824447388378
-1480.272554347012	-743.4336655646906
-1471.021333521159	-752.6848863905434
-1461.7701126953064	-761.9361072163962
-1461.7701126953064	-771.187328042249
-1452.5188918694535	-780.4385488681017
-1452.5188918694535	-789.6897696939545
-1443.2676710436008	-789.6897696939545
-1434.016450217748	-798.9409905198073
-1434.016450217748	-808.1922113456601
-1424.7652293918952	-817.4434321715129
-1424.7652293918952	-826.6946529973657
-1415.5140085660423	-835.9458738232184
-1406.2627877401897	-845.1970946490712
-1397.0115669143368	-854.448315474924
-1397.0115669143368	-863.6995363007768
-1387.760346088484	-872.9507571266296
-1387.760346088484	-882.2019779524824
-1378.5091252626312	-891.4531987783351
-1369.2579044367785	-900.7044196041879
-1369.2579044367785	-909.9556404300407
-1360.0066836109256	-919.2068612558935
-1350.755462785073	-928.4580820817463
-1341.50424195922	-937.7093029075991
-1332.2530211333674	-946.9605237334519
-1323.0018003075145	-946.9605237334519
-1313.7505794816618	-956.2117445593046
-1304.499358655809	-956.2117445593046
-1295.2481378299562	-965.4629653851574
-1285.9969170041034	-965.4629653851574
-1276.7456961782507	-974.7141862110102
-1267.4944753523978	-983.965407036863
-1258.2432545265451	-993.2166278627158
-1258.2432545265451	-1002.4678486885686
-1248.9920337006922	-1011.7190695144213
-1239.7408128748395	-1020.9702903402741
-1230.4895920489867	-1020.9702903402741
-1221.238371223134	-1030.221511166127
-1211.987150397281	-1030.221511166127
-1202.7359295714284	-1030.221511166127
-1193.4847087455755	-1030.221511166127
-1184.2334879197228	-1030.221511166127
-1174.98226709387	-1039.4727319919796
-1165.7310462680173	-1048.7239528178325
-1156.4798254421644	-1057.9751736436851
-1156.4798254421644	-1067.226394469538
-1147.2286046163117	-1076.4776152953907
-1147.2286046163117	-1085.7288361212436
-1137.9773837904588	-1094.9800569470963
-1128.7261629646061	-1104.2312777729492
-1119.4749421387532	-1113.4824985988018
-1119.4749421387532	-1122.7337194246547
-1110.2237213129006	-1131.9849402505074
-1110.2237213129006	-1141.2361610763603
-1100.9725004870477	-1150.487381902213
-1100.9725004870477	-1159.7386027280659
-1091.721279661195	-1168.9898235539185
-1091.721279661195	-1178.2410443797714
-1091.721279661195	-1187.492265205624
-1082.4700588353421	-1196.743486031477
-1082.4700588353421	-1205.9947068573297
-1082.4700588353421	-1215.2459276831826
-1082.4700588353421	-1224.4971485090352
-1073.2188380094894	-1233.7483693348881
-1063.9676171836365	-1242.9995901607408
-1063.9676171836365	-1252.2508109865937
-1054.7163963577839	-1261.5020318124464
-1045.465175531931	-1270.7532526382993
-1045.465175531931	-1280.004473464152
-1036.2139547060783	-1289.2556942900048
-1036.2139547060783	-1298.5069151158575
-1026.9627338802254	-1307.7581359417104
-1017.7115130543726	-1317.009356767563
-1017.7115130543726	-1326.260577593416
-1008.4602922285198	-1335.5117984192686
-999.2090714026671	-1344.7630192451215
-989.9578505768143	-1354.0142400709742
-980.7066297509615	-1363.265460896827
-971.4554089251087	-1372.5166817226798
-971.4554089251087	-1381.7679025485327
-962.2041880992559	-1391.0191233743853
-952.9529672734031	-1391.0191233743853
-943.7017464475504	-1400.2703442002382
-934.4505256216976	-1409.521565026091
-925.1993047958448	-1409.521565026091
-915.948083969992	-1418.7727858519438
-906.6968631441392	-1418.7727858519438
-897.4456423182864	-1428.0240066777965
-888.1944214924337	-1428.0240066777965
-878.9432006665809	-1437.2752275036494
-869.6919798407281	-1437.2752275036494
-860.4407590148753	-1437.2752275036494
-851.1895381890225	-1446.526448329502
-841.9383173631697	-1446.526448329502
-832.687096537317	-1455.777669155355
-823.4358757114642	-1455.777669155355
-814.1846548856114	-1455.777669155355
-804.9334340597586	-1455.777669155355
-795.6822132339058	-1455.777669155355
-786.430992408053	-1455.777669155355
-777.1797715822003	-1455.777669155355
-767.9285507563475	-1455.777669155355
-758.6773299304947	-1455.777669155355
-749.4261091046419	-1455.777669155355
-740.1748882787891	-1455.777669155355
-730.9236674529363	-1455.777669155355
-721.6724466270836	-1465.0288899812076
-712.4212258012308	-1465.0288899812076
-703.170004975378	-1474.2801108070605
-693.9187841495252	-1474.2801108070605
-684.6675633236724	-1483.5313316329132
-675.4163424978196	-1483.5313316329132
-666.1651216719669	-1483.5313316329132
-656.9139008461141	-1492.782552458766
-647.6626800202613	-1492.782552458766
-638.4114591944085	-1502.0337732846187
-629.1602383685557	-1502.0337732846187
-619.9090175427029	-1502.0337732846187
-610.6577967168502	-1502.0337732846187
-601.4065758909974	-1502.0337732846187
-592.1553550651446	-1492.782552458766
-582.9041342392918	-1492.782552458766
-573.652913413439	-1492.782552458766
-564.4016925875862	-1492.782552458766
-555.1504717617335	-1483.5313316329132
-545.8992509358807	-1483.5313316329132
-536.6480301100279	-1483.5313316329132
-527.3968092841751	-1483.5313316329132
-518.1455884583223	-1483.5313316329132
-508.8943676324696	-1483.5313316329132
-499.6431468066168	-1483.5313316329132
-490.39192598076403	-1483.5313316329132
-481.14070515491125	-1492.782552458766
-471.88948432905846	-1492.782552458766
-462.6382635032057	-1492.782552458766
-453.3870426773529	-1492.782552458766
-444.1358218515001	-1492.782552458766
-434.8846010256473	-1492.782552458766
-425.63338019979454	-1492.782552458766
-416.38215937394176	-1492.782552458766
-407.130938548089	-1492.782552458766
-397.8797177222362	-1492.782552458766
-388.6284968963834	-1492.782552458766
-379.3772760705306	-1492.782552458766
-370.12605524467784	-1492.782552458766
-360.87483441882506	-1492.782552458766
-351.6236135929723	-1492.782552458766
-342.3723927671195	-1492.782552458766
-333.1211719412667	-1492.782552458766
-323.8699511154139	-1502.0337732846187
-314.61873028956114	-1502.0337732846187
-305.36750946370836	-1511.2849941104716
-296.1162886378556	-1511.2849941104716
-286.8650678120028	-1511.2849941104716
-277.61384698615	-1520.5362149363243
-268.3626261602972	-1520.5362149363243
-259.11140533444444	-1520.5362149363243
-249.86018450859166	-1529.7874357621772
-240.60896368273887	-1539.0386565880299
-231.3577428568861	-1529.7874357621772
-222.1065220310333	-1529.7874357621772
-212.85530120518052	-1529.7874357621772
-203.60408037932774	-1529.7874357621772
-194.35285955347496	-1529.7874357621772
-185.10163872762217	-1529.7874357621772
-175.8504179017694	-1520.5362149363243
-166.5991970759166	-1520.5362149363243
-157.34797625006382	-1520.5362149363243
-148.09675542421104	-1520.5362149363243
-138.84553459835826	-1520.5362149363243
-129.59431377250547	-1520.5362149363243
-120.34309294665267	-1520.5362149363243
-111.09187212079989	-1520.5362149363243
-101.84065129494711	-1520.5362149363243
-92.58943046909432	-1520.5362149363243
-83.33820964324154	-1520.5362149363243
-74.08698881738876	-1520.5362149363243
-64.83576799153597	-1511.2849941104716
-55.5845471656832	-1511.2849941104716
-46.333326339830414	-1511.2849941104716
-37.08210551397763	-1511.2849941104716
-27.830884688124844	-1502.0337732846187
-18.57966386227206	-1502.0337732846187
-9.328443036419278	-1502.0337732846187
-0.07722221056649445	-1492.782552458766
9.173998615286289	-1483.5313316329132
18.425219441139074	-1483.5313316329132
27.676440266991857	-1474.2801108070605
36.92766109284464	-1465.0288899812076
46.17888191869742	-1455.777669155355
46.17888191869742	-1446.526448329502
55.430102744550204	-1437.2752275036494
64.681323570403	-1428.0240066777965
73.93254439625578	-1428.0240066777965
83.18376522210856	-1418.7727858519438
92.43498604796135	-1409.521565026091
101.68620687381413	-1409.521565026091
110.93742769966691	-1409.521565026091
120.1886485255197	-1400.2703442002382
129.43986935137247	-1400.2703442002382
138.69109017722525	-1400.2703442002382
147.94231100307803	-1391.0191233743853
157.19353182893082	-1391.0191233743853
166.4447526547836	-1391.0191233743853
175.69597348063638	-1391.0191233743853
184.94719430648917	-1391.0191233743853
194.19841513234195	-1391.0191233743853
203.44963595819473	-1381.7679025485327
212.70085678404752	-1381.7679025485327
221.9520776099003	-1381.7679025485327
231.20329843575308	-1381.7679025485327
240.45451926160587	-1381.7679025485327
249.70574008745865	-1381.7679025485327
258.95696091331143	-1381.7679025485327
268.2081817391642	-1372.5166817226798
277.459402565017	-1372.5166817226798
286.7106233908698	-1372.5166817226798
295.96184421672257	-1363.265460896827
305.21306504257535	-1363.265460896827
314.46428586842814	-1363.265460896827
323.7155066942809	-1363.265460896827
332.9667275201337	-1363.265460896827
342.2179483459865	-1363.265460896827
351.46916917183927	-1372.5166817226798
360.72038999769205	-1372.5166817226798
369.97161082354484	-1372.5166817226798
379.2228316493976	-1381.7679025485327
388.4740524752504	-1381.7679025485327
397.7252733011032	-1381.7679025485327
406.97649412695597	-1381.7679025485327
416.22771495280875	-1381.7679025485327
425.47893577866154	-1381.7679025485327
434.7301566045143	-1381.7679025485327
443.9813774303671	-1372.5166817226798
453.2325982562199	-1372.5166817226798
462.48381908207267	-1363.265460896827
471.73503990792545	-1363.265460896827
480.98626073377824	-1354.0142400709742
490.237481559631	-1344.7630192451215
499.4887023854838	-1344.7630192451215
508.7399232113366	-1335.5117984192686
517.9911440371894	-1326.260577593416
527.2423648630422	-1326.260577593416
536.493585688895	-1317.009356767563
545.7448065147478	-1317.009356767563
554.9960273406006	-1307.7581359417104
564.2472481664533	-1298.5069151158575
573.4984689923061	-1289.2556942900048
582.7496898181589	-1280.004473464152
582.7496898181589	-1270.7532526382993
592.0009106440117	-1261.5020318124464
601.2521314698645	-1252.2508109865937
610.5033522957173	-1252.2508109865937
619.75457312157	-1242.9995901607408
629.0057939474228	-1233.7483693348881
638.2570147732756	-1224.4971485090352
647.5082355991284	-1224.4971485090352
656.7594564249812	-1215.2459276831826
666.010677250834	-1215.2459276831826
675.2618980766867	-1205.9947068573297
684.5131189025395	-1205.9947068573297
693.7643397283923	-1205.9947068573297
703.0155605542451	-1196.743486031477
712.2667813800979	-1196.743486031477
721.5180022059507	-1196.743486031477
730.7692230318034	-1187.492265205624
740.0204438576562	-1187.492265205624
749.271664683509	-1187.492265205624
758.5228855093618	-1178.2410443797714
767.7741063352146	-1178.2410443797714
777.0253271610674	-1168.9898235539185
786.2765479869201	-1159.7386027280659
795.5277688127729	-1159.7386027280659
804.7789896386257	-1159.7386027280659
814.0302104644785	-1150.487381902213
823.2814312903313	-1150.487381902213
832.5326521161841	-1150.487381902213
841.7838729420369	-1150.487381902213
851.0350937678896	-1150.487381902213
860.2863145937424	-1150.487381902213
869.5375354195952	-1150.487381902213
878.788756245448	-1150.487381902213
888.0399770713008	-1150.487381902213
897.2911978971536	-1150.487381902213
906.5424187230063	-1150.487381902213
915.7936395488591	-1150.487381902213
925.0448603747119	-1150.487381902213
934.2960812005647	-1150.487381902213
943.5473020264175	-1150.487381902213
952.7985228522703	-1150.487381902213
962.049743678123	-1150.487381902213
971.3009645039758	-1150.487381902213
980.5521853298286	-1150.487381902213
989.8034061556814	-1150.487381902213
999.0546269815342	-1150.487381902213
1008.305847807387	-1150.487381902213
1017.5570686332397	-1141.2361610763603
1026.8082894590925	-1131.9849402505074
1036.0595102849452	-1122.7337194246547
1045.310731110798	-1113.4824985988018
1054.5619519366508	-1104.2312777729492
1063.8131727625037	-1094.9800569470963
1063.8131727625037	-1085.7288361212436
1063.8131727625037	-1076.4776152953907
1063.8131727625037	-1067.226394469538
1063.8131727625037	-1057.9751736436851
1073.0643935883563	-1048.7239528178325
1073.0643935883563	-1039.4727319919796
1073.0643935883563	-1030.221511166127
1082.3156144142092	-1020.9702903402741
1082.3156144142092	-1011.7190695144213
1091.566835240062	-1002.4678486885686
1091.566835240062	-993.2166278627158
1091.566835240062	-983.965407036863
1091.566835240062	-974.7141862110102
1100.8180560659148	-965.4629653851574
1100.8180560659148	-956.2117445593046
1100.8180560659148	-946.9605237334519
1110.0692768917675	-937.7093029075991
1110.0692768917675	-928.4580820817463
1119.3204977176204	-919.2068612558935
1128.571718543473	-909.9556404300407
1128.571718543473	-900.7044196041879
1128.571718543473	-891.4531987783351
1137.822939369326	-882.2019779524824
1137.822939369326	-872.9507571266296
1147.0741601951786	-863.6995363007768
1147.0741601951786	-854.448315474924
1156.3253810210315	-845.1970946490712
1165.5766018468842	-835.9458738232184
1165.5766018468842	-826.6946529973657
1174.827822672737	-817.4434321715129
1184.0790434985897	-808.1922113456601
1193.3302643244426	-808.1922113456601
1202.5814851502953	-808.1922113456601
1202.5814851502953	-798.9409905198073
1202.5814851502953	-789.6897696939545
1193.3302643244426	-780.4385488681017
1184.0790434985897	-771.187328042249
1184.0790434985897	-761.9361072163962
1184.0790434985897	-752.6848863905434
1184.0790434985897	-743.4336655646906
1184.0790434985897	-734.1824447388378
1184.0790434985897	-724.931223912985
1184.0790434985897	-715.6800030871323
1184.0790434985897	-706.4287822612795
1184.0790434985897	-697.1775614354267
1184.0790434985897	-687.9263406095739
1184.0790434985897	-678.6751197837211
1184.0790434985897	-669.4238989578683
1184.0790434985897	-660.1726781320156
1184.0790434985897	-650.9214573061628
1193.3302643244426	-641.67023648031
1193.3302643244426	-632.4190156544572
1202.5814851502953	-623.1677948286044
1202.5814851502953	-613.9165740027516
1211.8327059761482	-604.6653531768989
1221.0839268020009	-595.4141323510461
1230.3351476278538	-586.1629115251933
1230.3351476278538	-576.9116906993405
1239.5863684537064	-567.6604698734877
1239.5863684537064	-558.409249047635
1248.8375892795593	-549.1580282217822
1248.8375892795593	-539.9068073959294
1258.088810105412	-530.6555865700766
1267.340030931265	-521.4043657442238
1267.340030931265	-512.153144918371
1276.5912517571176	-502.90192409251824
1276.5912517571176	-493.65070326666546
1276.5912517571176	-484.3994824408127
1285.8424725829705	-475.1482616149599
1285.8424725829705	-465.8970407891071
1285.8424725829705	-456.6458199632543
1295.0936934088231	-447.39459913740154
1304.344914234676	-438.14337831154876
1304.344914234676	-428.892157485696
1304.344914234676	-419.6409366598432
1313.5961350605287	-410.3897158339904
1322.8473558863816	-401.1384950081376
1322.8473558863816	-391.88727418228484
1322.8473558863816	-382.63605335643206
1332.0985767122343	-373.3848325305793
1332.0985767122343	-364.1336117047265
1341.3497975380872	-354.8823908788737
1341.3497975380872	-345.6311700530209
1341.3497975380872	-336.37994922716814
1341.3497975380872	-327.12872840131536
1341.3497975380872	-317.8775075754626
1341.3497975380872	-308.6262867496098
1350.6010183639398	-299.375065923757
1350.6010183639398	-290.1238450979042
1350.6010183639398	-280.87262427205144
1350.6010183639398	-271.62140344619866
1350.6010183639398	-262.3701826203459
1350.6010183639398	-253.1189617944931
1350.6010183639398	-243.8677409686403
1350.6010183639398	-234.61652014278752
1359.8522391897927	-225.36529931693474
1359.8522391897927	-216.11407849108195
1369.1034600156454	-206.86285766522917
1369.1034600156454	-197.6116368393764
1369.1034600156454	-188.3604160135236
1369.1034600156454	-179.10919518767082
1369.1034600156454	-169.85797436181804
1369.1034600156454	-160.60675353596525
1369.1034600156454	-151.35553271011247
1369.1034600156454	-142.1043118842597
1378.3546808414983	-132.8530910584069
1378.3546808414983	-123.60187023255412
1378.3546808414983	-114.35064940670134
1387.605901667351	-105.09942858084855
1387.605901667351	-95.84820775499577
1396.8571224932039	-86.59698692914299
1396.8571224932039	-77.3457661032902
1406.1083433190565	-68.09454527743742
1406.1083433190565	-58.843324451584635
1415.3595641449094	-49.59210362573185
1424.610784970762	-40.34088279987907
1433.862005796615	-31.08966197402628
1433.862005796615	-21.838441148173498
1433.862005796615	-12.587220322320716
1433.862005796615	-3.3359994964679327
1433.862005796615	5.915221329384851
1433.862005796615	15.166442155237634
1433.862005796615	24.41766298109042
1433.862005796615	33.6688838069432
1443.1132266224677	42.92010463279598
1443.1132266224677	52.17132545864877
1443.1132266224677	61.42254628450155
1452.3644474483206	70.67376711035433
1452.3644474483206	79.92498793620712
1452.3644474483206	89.1762087620599
1452.3644474483206	98.42742958791268
1461.6156682741732	107.67865041376547
1461.6156682741732	116.92987123961825
1461.6156682741732	126.18109206547103
1461.6156682741732	135.43231289132382
1452.3644474483206	144.6835337171766
1452.3644474483206	153.93475454302938
1452.3644474483206	163.18597536888217
1452.3644474483206	172.43719619473495
1452.3644474483206	181.68841702058774
1452.3644474483206	190.93963784644052
1452.3644474483206	200.1908586722933
1452.3644474483206	209.4420794981461
1452.3644474483206	218.69330032399887
1452.3644474483206	227.94452114985165
1452.3644474483206	237.19574197570444
1452.3644474483206	246.44696280155722
1461.6156682741732	255.69818362741
1461.6156682741732	264.9494044532628
1461.6156682741732	274.20062527911557
1470.8668891000261	283.45184610496835
1480.1181099258788	292.70306693082114
1480.1181099258788	301.9542877566739
1489.3693307517317	311.2055085825267
1489.3693307517317	320.4567294083795
1489.3693307517317	329.70795023423227
1489.3693307517317	338.95917106008505
1489.3693307517317	348.21039188593784
1498.6205515775844	357.4616127117906
1498.6205515775844	366.7128335376434
1507.8717724034373	375.9640543634962
1507.8717724034373	385.215275189349
1517.12299322929	394.46649601520176
1517.12299322929	403.71771684105454
1517.12299322929	412.9689376669073
1526.3742140551428	422.2201584927601
1526.3742140551428	431.4713793186129
1526.3742140551428	440.7226001444657
1535.6254348809955	449.97382097031846
1544.8766557068484	459.22504179617124
1544.8766557068484	468.476262622024
1554.127876532701	477.7274834478768
1563.379097358554	486.9787042737296
1572.6303181844066	496.2299250995824
1581.8815390102595	505.48114592543516
1591.1327598361122	514.7323667512879
1600.383980661965	523.9835875771407
1609.6352014878178	523.9835875771407
1618.8864223136707	523.9835875771407
1628.1376431395233	523.9835875771407
1637.3888639653762	523.9835875771407
1646.640084791229	523.9835875771407
1655.8913056170818	514.7323667512879
1665.1425264429345	514.7323667512879
1674.3937472687874	514.7323667512879
1683.64496809464	514.7323667512879
1692.896188920493	514.7323667512879
1702.1474097463456	514.7323667512879
1711.3986305721985	523.9835875771407
1720.6498513980512	523.9835875771407
1729.901072223904	533.2348084029935
1739.1522930497567	533.2348084029935
1748.4035138756096	542.4860292288463
1757.6547347014623	542.4860292288463
1766.9059555273152	551.7372500546991
1776.1571763531679	560.9884708805519
1785.4083971790208	570.2396917064046
1794.6596180048734	579.4909125322574
1803.9108388307263	588.7421333581102
1813.162059656579	597.993354183963
1813.162059656579	607.2445750098158
1822.413280482432	616.4957958356686
1831.6645013082846	625.7470166615213
1840.9157221341375	634.9982374873741
1850.1669429599901	644.2494583132269
1859.418163785843	653.5006791390797
1868.6693846116957	662.7518999649325
1877.9206054375486	662.7518999649325
1887.1718262634013	672.0031207907853
1896.4230470892542	681.254341616638
1905.6742679151068	690.5055624424908
1914.9254887409597	690.5055624424908
1914.9254887409597	699.7567832683436
1924.1767095668124	709.0080040941964
1933.4279303926653	718.2592249200492
1933.4279303926653	727.510445745902
1942.679151218518	736.7616665717547
1942.679151218518	746.0128873976075
1942.679151218518	755.2641082234603
1942.679151218518	764.5153290493131
1942.679151218518	773.7665498751659
1942.679151218518	783.0177707010187
1942.679151218518	792.2689915268714
1951.9303720443709	801.5202123527242
1951.9303720443709	810.771433178577
1961.1815928702235	820.0226540044298
1961.1815928702235	829.2738748302826
1970.4328136960764	838.5250956561354
1970.4328136960764	847.7763164819881
1970.4328136960764	857.0275373078409
1979.684034521929	866.2787581336937
1979.684034521929	875.5299789595465
1979.684034521929	884.7811997853993
1979.684034521929	894.0324206112521
1988.935255347782	903.2836414371048
1988.935255347782	912.5348622629576
1998.1864761736347	921.7860830888104
1998.1864761736347	931.0373039146632
2007.4376969994876	940.288524740516
2016.6889178253402	949.5397455663688
2016.6889178253402	958.7909663922215
2025.9401386511931	968.0421872180743
2035.1913594770458	977.2934080439271
2044.4425803028987	986.5446288697799
2044.4425803028987	995.7958496956327
2053.6938011287516	1005.0470705214855
2062.9450219546043	1014.2982913473382
2062.9450219546043	1023.549512173191
2072.196242780457	1032.800732999044
2081.4474636063096	1042.0519538248966
2081.4474636063096	1051.3031746507495
2090.6986844321627	1060.5543954766022
2090.6986844321627	1069.805616302455
2090.6986844321627	1079.0568371283077
2099.9499052580154	1088.3080579541606
2090.6986844321627	1097.5592787800133
2090.6986844321627	1106.8104996058662
2090.6986844321627	1116.0617204317189
2090.6986844321627	1125.3129412575718
2090.6986844321627	1134.5641620834244
2090.6986844321627	1143.8153829092773
2090.6986844321627	1153.06660373513
2090.6986844321627	1162.317824560983
2090.6986844321627	1171.5690453868356
2090.6986844321627	1180.8202662126885
2090.6986844321627	1190.0714870385411
2090.6986844321627	1199.322707864394
2099.9499052580154	1208.5739286902467
2099.9499052580154	1217.8251495160996
2099.9499052580154	1227.0763703419523
2099.9499052580154	1236.3275911678052
2099.9499052580154	1245.5788119936578
2099.9499052580154	1254.8300328195107
2090.6986844321627	1264.0812536453634
2090.6986844321627	1273.3324744712163
2081.4474636063096	1282.583695297069
2072.196242780457	1291.8349161229219
2062.9450219546043	1291.8349161229219
2053.6938011287516	1291.8349161229219
2044.4425803028987	1301.0861369487745
2035.1913594770458	1301.0861369487745
2025.9401386511931	1301.0861369487745
2016.6889178253402	1301.0861369487745
2007.4376969994876	1291.8349161229219
1998.1864761736347	1291.8349161229219
1988.935255347782	1291.8349161229219
1979.684034521929	1291.8349161229219
1970.4328136960764	1282.583695297069
1961.1815928702235	1282.583695297069
1951.9303720443709	1282.583695297069
1942.679151218518	1282.583695297069
1933.4279303926653	1282.583695297069
1924.1767095668124	1273.3324744712163
1914.9254887409597	1273.3324744712163
1905.6742679151068	1264.0812536453634
1896.4230470892542	1264.0812536453634
1887.1718262634013	1254.8300328195107
1877.9206054375486	1254.8300328195107
1868.6693846116957	1245.5788119936578
1859.418163785843	1245.5788119936578
1850.1669429599901	1245.5788119936578
1840.9157221341375	1236.3275911678052
1831.6645013082846	1236.3275911678052
1822.413280482432	1236.3275911678052
1813.162059656579	1227.0763703419523
1803.9108388307263	1227.0763703419523
1794.6596180048734	1227.0763703419523
1785.4083971790208	1217.8251495160996
1776.1571763531679	1217.8251495160996
1766.9059555273152	1217.8251495160996
1757.6547347014623	1217.8251495160996
1748.4035138756096	1208.5739286902467
1739.1522930497567	1208.5739286902467
1729.901072223904	1208.5739286902467
1720.6498513980512	1208.5739286902467
1711.3986305721985	1199.322707864394
1702.1474097463456	1199.322707864394
1692.896188920493	1199.322707864394
1683.64496809464	1199.322707864394
1674.3937472687874	1199.322707864394
1665.1425264429345	1199.322707864394
1655.8913056170818	1199.322707864394
1646.640084791229	1190.0714870385411
1637.3888639653762	1190.0714870385411
1628.1376431395233	1199.322707864394
1618.8864223136707	1199.322707864394
1609.6352014878178	1190.0714870385411
1600.383980661965	1190.0714870385411
1591.1327598361122	1180.8202662126885
1581.8815390102595	1180.8202662126885
1572.6303181844066	1171.5690453868356
1563.379097358554	1171.5690453868356
1554.127876532701	1162.317824560983
1544.8766557068484	1162.317824560983
1535.6254348809955	1162.317824560983
1526.3742140551428	1162.317824560983
1517.12299322929	1162.317824560983
1507.8717724034373	1153.06660373513
1498.6205515775844	1162.317824560983
1489.3693307517317	1162.317824560983
1480.1181099258788	1162.317824560983
1470.8668891000261	1162.317824560983
1461.6156682741732	1162.317824560983
1452.3644474483206	1162.317824560983
1443.1132266224677	1162.317824560983
1433.862005796615	1162.317824560983
1424.610784970762	1162.317824560983
1415.3595641449094	1162.317824560983
1406.1083433190565	1153.06660373513
1396.8571224932039	1153.06660373513
1387.605901667351	1153.06660373513
1378.3546808414983	1153.06660373513
1369.1034600156454	1153.06660373513
1359.8522391897927	1143.8153829092773
1350.6010183639398	1143.8153829092773
1341.3497975380872	1143.8153829092773
1332.0985767122343	1143.8153829092773
1322.8473558863816	1143.8153829092773
1313.5961350605287	1143.8153829092773
1304.344914234676	1143.8153829092773
1295.0936934088231	1134.5641620834244
1285.8424725829705	1134.5641620834244
1276.5912517571176	1134.5641620834244
1267.340030931265	1134.5641620834244
1258.088810105412	1134.5641620834244
1248.8375892795593	1134.5641620834244
1239.5863684537064	1125.3129412575718
1230.3351476278538	1125.3129412575718
1221.0839268020009	1125.3129412575718
1211.8327059761482	1125.3129412575718
1202.5814851502953	1125.3129412575718
1193.3302643244426	1116.0617204317189
1184.0790434985897	1116.0617204317189
1174.827822672737	1116.0617204317189
1165.5766018468842	1106.8104996058662
1156.3253810210315	1097.5592787800133
1147.0741601951786	1097.5592787800133
1137.822939369326	1097.5592787800133
1128.571718543473	1088.3080579541606
1119.3204977176204	1088.3080579541606
1110.0692768917675	1088.3080579541606
1100.8180560659148	1079.0568371283077
1091.566835240062	1079.0568371283077
1082.3156144142092	1079.0568371283077
1073.0643935883563	1069.805616302455
1063.8131727625037	1069.805616302455
1054.5619519366508	1069.805616302455
1045.310731110798	1069.805616302455
1036.0595102849452	1069.805616302455
1026.8082894590925	1060.5543954766022
1017.5570686332397	1060.5543954766022
1008.305847807387	1060.5543954766022
999.0546269815342	1060.5543954766022
989.8034061556814	1051.3031746507495
980.5521853298286	1051.3031746507495
971.3009645039758	1051.3031746507495
962.049743678123	1051.3031746507495
952.7985228522703	1051.3031746507495
943.5473020264175	1051.3031746507495
934.2960812005647	1051.3031746507495
925.0448603747119	1042.0519538248966
915.7936395488591	1042.0519538248966
906.5424187230063	1042.0519538248966
897.2911978971536	1032.800732999044
888.0399770713008	1032.800732999044
878.788756245448	1032.800732999044
869.5375354195952	1023.549512173191
860.2863145937424	1023.549512173191
851.0350937678896	1014.2982913473382
841.7838729420369	1014.2982913473382
832.5326521161841	1005.0470705214855
823.2814312903313	1005.0470705214855
814.0302104644785	1005.0470705214855
804.7789896386257	995.7958496956327
795.5277688127729	995.7958496956327
786.2765479869201	1005.0470705214855
777.0253271610674	1005.0470705214855
767.7741063352146	995.7958496956327
758.5228855093618	995.7958496956327
749.271664683509	995.7958496956327
740.0204438576562	995.7958496956327
730.7692230318034	995.7958496956327
721.5180022059507	986.5446288697799
712.2667813800979	986.5446288697799
703.0155605542451	986.5446288697799
693.7643397283923	986.5446288697799
684.5131189025395	986.5446288697799
675.2618980766867	977.2934080439271
666.010677250834	977.2934080439271
656.7594564249812	977.2934080439271
647.5082355991284	977.2934080439271
638.2570147732756	977.2934080439271
629.0057939474228	977.2934080439271
619.75457312157	968.0421872180743
610.5033522957173	968.0421872180743
601.2521314698645	977.2934080439271
592.0009106440117	977.2934080439271
582.7496898181589	977.2934080439271
573.4984689923061	977.2934080439271
564.2472481664533	977.2934080439271
554.9960273406006	977.2934080439271
545.7448065147478	977.2934080439271
536.493585688895	977.2934080439271
527.2423648630422	977.2934080439271
517.9911440371894	977.2934080439271
508.7399232113366	968.0421872180743
499.4887023854838	958.7909663922215
490.237481559631	958.7909663922215
480.98626073377824	958.7909663922215
471.73503990792545	949.5397455663688
462.48381908207267	949.5397455663688
453.2325982562199	949.5397455663688
443.9813774303671	949.5397455663688
434.7301566045143	940.288524740516
425.47893577866154	940.288524740516
416.22771495280875	931.0373039146632
406.97649412695597	931.0373039146632
397.7252733011032	931.0373039146632
388.4740524752504	931.0373039146632
379.2228316493976	931.0373039146632
369.97161082354484	921.7860830888104
360.72038999769205	921.7860830888104
351.46916917183927	912.5348622629576
342.2179483459865	903.2836414371048
332.9667275201337	894.0324206112521
323.7155066942809	894.0324206112521
314.46428586842814	884.7811997853993
305.21306504257535	884.7811997853993
295.96184421672257	884.7811997853993
286.7106233908698	884.7811997853993
277.459402565017	875.5299789595465
268.2081817391642	875.5299789595465
258.95696091331143	875.5299789595465
249.70574008745865	866.2787581336937
240.45451926160587	866.2787581336937
231.20329843575308	866.2787581336937
221.9520776099003	866.2787581336937
212.70085678404752	857.0275373078409
203.44963595819473	857.0275373078409
194.19841513234195	857.0275373078409
184.94719430648917	847.7763164819881
175.69597348063638	847.7763164819881
166.4447526547836	857.0275373078409
157.19353182893082	857.0275373078409
147.94231100307803	857.0275373078409
138.69109017722525	857.0275373078409
129.43986935137247	857.0275373078409
120.1886485255197	857.0275373078409
110.93742769966691	857.0275373078409
101.68620687381413	857.0275373078409
92.43498604796135	857.0275373078409
83.18376522210856	857.0275373078409
73.93254439625578	857.0275373078409
64.681323570403	857.0275373078409
55.430102744550204	857.0275373078409
46.17888191869742	847.7763164819881
36.92766109284464	847.7763164819881
27.676440266991857	847.7763164819881
18.425219441139074	847.7763164819881
9.173998615286289	847.7763164819881
-0.07722221056649445	847.7763164819881
-9.328443036419278	847.7763164819881
-18.57966386227206	847.7763164819881
-27.830884688124844	847.7763164819881
-37.08210551397763	847.7763164819881
-46.333326339830414	838.5250956561354
-55.5845471656832	838.5250956561354
-64.83576799153597	838.5250956561354
-74.08698881738876	838.5250956561354
-83.33820964324154	838.5250956561354
-92.58943046909432	838.5250956561354
-101.84065129494711	838.5250956561354
-111.09187212079989	838.5250956561354
-120.34309294665267	838.5250956561354
-129.59431377250547	838.5250956561354
-138.84553459835826	838.5250956561354
-148.09675542421104	838.5250956561354
-157.34797625006382	838.5250956561354
-166.5991970759166	829.2738748302826
-175.8504179017694	829.2738748302826
-185.10163872762217	829.2738748302826
-194.35285955347496	820.0226540044298
