# particle morphology
# using file: 12-05X-H.png
#
#x/µm	y/µm
-113.91907612144504	1557.5725208950514
-123.16063806040376	1557.5725208950514
-132.40219999936247	1557.5725208950514
-141.64376193832118	1557.5725208950514
-150.88532387727986	1548.3309589560927
-160.12688581623857	1548.3309589560927
-169.36844775519728	1548.3309589560927
-178.610009694156	1548.3309589560927
-187.8515716331147	1539.089397017134
-197.0931335720734	1529.8478350781752
-206.33469551103212	1529.8478350781752
-215.57625744999083	1529.8478350781752
-224.81781938894952	1520.6062731392165
-234.05938132790823	1520.6062731392165
-243.30094326686694	1511.364711200258
-252.54250520582565	1511.364711200258
-261.78406714478433	1502.1231492612992
-271.02562908374307	1502.1231492612992
-280.26719102270175	1502.1231492612992
-289.5087529616605	1502.1231492612992
-298.7503149006192	1492.8815873223405
-307.9918768395779	1492.8815873223405
-317.2334387785366	1492.8815873223405
-326.47500071749533	1483.6400253833817
-335.716562656454	1483.6400253833817
-344.9581245954127	1474.398463444423
-354.19968653437144	1465.1569015054642
-363.4412484733301	1455.9153395665055
-372.68281041228886	1446.673777627547
-381.92437235124754	1437.4322156885883
-391.1659342902063	1428.1906537496295
-400.40749622916496	1418.9490918106708
-409.64905816812364	1418.9490918106708
-418.8906201070824	1409.707529871712
-428.13218204604107	1409.707529871712
-437.3737439849998	1409.707529871712
-446.6153059239585	1409.707529871712
-455.8568678629172	1400.4659679327533
-465.0984298018759	1391.2244059937946
-474.33999174083465	1391.2244059937946
-483.58155367979333	1381.982844054836
-492.823115618752	1381.982844054836
-502.06467755771075	1372.7412821158773
-511.30623949666943	1372.7412821158773
-520.5478014356281	1372.7412821158773
-529.7893633745869	1372.7412821158773
-539.0309253135456	1363.4997201769186
-548.2724872525043	1363.4997201769186
-557.514049191463	1363.4997201769186
-566.7556111304217	1363.4997201769186
-575.9971730693804	1363.4997201769186
-585.2387350083391	1363.4997201769186
-594.4802969472978	1363.4997201769186
-603.7218588862565	1354.2581582379598
-612.9634208252153	1354.2581582379598
-622.2049827641739	1354.2581582379598
-631.4465447031326	1345.016596299001
-640.6881066420914	1345.016596299001
-649.92966858105	1335.7750343600424
-659.1712305200087	1335.7750343600424
-668.4127924589675	1345.016596299001
-677.6543543979262	1345.016596299001
-686.8959163368849	1345.016596299001
-696.1374782758436	1335.7750343600424
-705.3790402148023	1335.7750343600424
-714.620602153761	1335.7750343600424
-723.8621640927197	1326.5334724210836
-733.1037260316784	1326.5334724210836
-742.3452879706372	1317.291910482125
-751.5868499095958	1308.0503485431664
-760.8284118485545	1308.0503485431664
-770.0699737875133	1298.8087866042076
-779.3115357264719	1289.567224665249
-788.5530976654306	1280.3256627262901
-797.7946596043894	1271.0841007873314
-807.0362215433481	1261.8425388483727
-816.2777834823067	1252.6009769094142
-825.5193454212655	1252.6009769094142
-834.7609073602242	1243.3594149704554
-844.002469299183	1243.3594149704554
-853.2440312381416	1234.1178530314967
-862.4855931771003	1224.876291092538
-871.7271551160591	1215.6347291535792
-880.9687170550177	1206.3931672146205
-890.2102789939764	1197.1516052756617
-899.4518409329352	1187.9100433367032
-908.6934028718939	1178.6684813977445
-917.9349648108525	1169.4269194587857
-927.1765267498113	1160.185357519827
-936.41808868877	1150.9437955808683
-945.6596506277286	1150.9437955808683
-954.9012125666874	1150.9437955808683
-964.1427745056461	1141.7022336419095
-973.3843364446049	1141.7022336419095
-982.6258983835635	1132.4606717029508
-991.8674603225222	1132.4606717029508
-1001.109022261481	1123.2191097639923
-1010.3505842004396	1123.2191097639923
-1019.5921461393983	1113.9775478250335
-1028.833708078357	1113.9775478250335
-1038.0752700173157	1104.7359858860748
-1047.3168319562744	1104.7359858860748
-1056.5583938952332	1095.494423947116
-1065.799955834192	1086.2528620081573
-1075.0415177731506	1077.0113000691986
-1084.2830797121094	1067.7697381302398
-1093.524641651068	1058.528176191281
-1102.7662035900266	1049.2866142523226
-1112.0077655289854	1040.0450523133638
-1112.0077655289854	1030.803490374405
-1121.249327467944	1021.5619284354464
-1121.249327467944	1012.3203664964876
-1130.4908894069029	1003.078804557529
-1130.4908894069029	993.8372426185703
-1130.4908894069029	984.5956806796115
-1139.7324513458616	975.3541187406529
-1139.7324513458616	966.1125568016942
-1139.7324513458616	956.8709948627354
-1139.7324513458616	947.6294329237767
-1148.9740132848203	938.387870984818
-1158.2155752237788	929.1463090458593
-1158.2155752237788	919.9047471069006
-1167.4571371627376	910.6631851679418
-1176.6986991016963	901.4216232289832
-1176.6986991016963	892.1800612900245
-1176.6986991016963	882.9384993510657
-1185.940261040655	873.6969374121071
-1185.940261040655	864.4553754731484
-1185.940261040655	855.2138135341896
-1195.1818229796138	845.9722515952309
-1204.4233849185725	836.7306896562723
-1204.4233849185725	827.4891277173135
-1213.6649468575313	818.2475657783548
-1213.6649468575313	809.0060038393962
-1222.9065087964898	799.7644419004374
-1222.9065087964898	790.5228799614787
-1232.1480707354485	781.2813180225199
-1232.1480707354485	772.0397560835613
-1241.3896326744073	762.7981941446026
-1241.3896326744073	753.5566322056438
-1250.631194613366	744.3150702666852
-1250.631194613366	735.0735083277265
-1259.8727565523247	725.8319463887677
-1269.1143184912835	716.590384449809
-1278.3558804302422	707.3488225108504
-1278.3558804302422	698.1072605718916
-1278.3558804302422	688.8656986329329
-1278.3558804302422	679.6241366939743
-1287.597442369201	670.3825747550155
-1287.597442369201	661.1410128160568
-1287.597442369201	651.899450877098
-1287.597442369201	642.6578889381394
-1287.597442369201	633.4163269991807
-1287.597442369201	624.174765060222
-1296.8390043081595	614.9332031212632
-1296.8390043081595	605.6916411823046
-1306.0805662471182	596.4500792433458
-1306.0805662471182	587.2085173043871
-1315.322128186077	577.9669553654285
-1324.5636901250357	568.7253934264697
-1324.5636901250357	559.483831487511
-1333.8052520639944	550.2422695485523
-1333.8052520639944	541.0007076095936
-1333.8052520639944	531.7591456706349
-1343.0468140029532	522.5175837316762
-1343.0468140029532	513.2760217927175
-1352.288375941912	504.0344598537588
-1361.5299378808704	494.79289791480005
-1361.5299378808704	485.55133597584137
-1361.5299378808704	476.30977403688263
-1361.5299378808704	467.06821209792395
-1361.5299378808704	457.82665015896526
-1370.7714998198292	448.5850882200065
-1370.7714998198292	439.34352628104784
-1370.7714998198292	430.1019643420891
-1370.7714998198292	420.8604024031304
-1370.7714998198292	411.6188404641717
-1370.7714998198292	402.377278525213
-1370.7714998198292	393.13571658625426
-1370.7714998198292	383.8941546472956
-1380.013061758788	374.6525927083369
-1380.013061758788	365.41103076937816
-1380.013061758788	356.1694688304195
-1389.2546236977466	346.92790689146074
-1389.2546236977466	337.68634495250205
-1398.4961856367054	328.4447830135433
-1398.4961856367054	319.20322107458463
-1398.4961856367054	309.96165913562595
-1407.7377475756641	300.7200971966672
-1407.7377475756641	291.47853525770853
-1407.7377475756641	282.2369733187498
-1416.9793095146229	272.9954113797911
-1416.9793095146229	263.75384944083237
-1416.9793095146229	254.5122875018737
-1426.2208714535814	245.27072556291498
-1426.2208714535814	236.02916362395626
-1426.2208714535814	226.78760168499755
-1426.2208714535814	217.54603974603884
-1426.2208714535814	208.30447780708013
-1426.2208714535814	199.06291586812145
-1426.2208714535814	189.82135392916274
-1426.2208714535814	180.57979199020403
-1435.46243339254	171.33823005124532
-1435.46243339254	162.0966681122866
-1444.7039953314988	152.8551061733279
-1444.7039953314988	143.6135442343692
-1453.9455572704576	134.37198229541048
-1453.9455572704576	125.13042035645178
-1453.9455572704576	115.88885841749307
-1463.1871192094163	106.64729647853437
-1463.1871192094163	97.40573453957566
-1472.428681148375	88.16417260061695
-1472.428681148375	78.92261066165824
-1481.6702430873338	69.68104872269954
-1490.9118050262923	60.43948678374083
-1490.9118050262923	51.19792484478212
-1500.153366965251	41.95636290582342
-1500.153366965251	32.71480096686471
-1509.3949289042098	23.473239027906004
-1509.3949289042098	14.231677088947297
-1518.6364908431685	4.990115149988589
-1527.8780527821273	-4.251446788970118
-1527.8780527821273	-13.493008727928824
-1537.119614721086	-22.73457066688753
-1546.3611766600447	-31.97613260584624
-1555.6027385990033	-41.21769454480495
-1555.6027385990033	-50.45925648376365
-1564.844300537962	-59.700818422722364
-1574.0858624769207	-68.94238036168107
-1583.3274244158795	-78.18394230063977
-1583.3274244158795	-87.42550423959848
-1583.3274244158795	-96.66706617855719
-1583.3274244158795	-105.9086281175159
-1583.3274244158795	-115.1501900564746
-1583.3274244158795	-124.39175199543331
-1592.5689863548382	-133.63331393439202
-1592.5689863548382	-142.87487587335073
-1592.5689863548382	-152.11643781230944
-1601.810548293797	-161.35799975126815
-1601.810548293797	-170.59956169022684
-1601.810548293797	-179.84112362918555
-1611.0521102327557	-189.08268556814426
-1611.0521102327557	-198.32424750710297
-1611.0521102327557	-207.56580944606168
-1620.2936721717142	-216.8073713850204
-1629.535234110673	-226.0489333239791
-1629.535234110673	-235.2904952629378
-1638.7767960496317	-244.5320572018965
-1648.0183579885904	-253.7736191408552
-1648.0183579885904	-263.01518107981394
-1657.2599199275492	-272.2567430187726
-1666.501481866508	-281.4983049577313
-1675.7430438054666	-290.73986689669005
-1675.7430438054666	-299.9814288356487
-1684.9846057444252	-309.22299077460747
-1694.226167683384	-318.46455271356615
-1694.226167683384	-327.7061146525249
-1694.226167683384	-336.94767659148357
-1703.4677296223426	-346.1892385304423
-1703.4677296223426	-355.430800469401
-1703.4677296223426	-364.6723624083597
-1712.7092915613014	-373.9139243473184
-1712.7092915613014	-383.1554862862771
-1712.7092915613014	-392.39704822523584
-1712.7092915613014	-401.6386101641945
-1712.7092915613014	-410.88017210315326
-1712.7092915613014	-420.12173404211194
-1712.7092915613014	-429.3632959810706
-1712.7092915613014	-438.60485792002936
-1712.7092915613014	-447.84641985898804
-1712.7092915613014	-457.0879817979468
-1712.7092915613014	-466.32954373690546
-1712.7092915613014	-475.5711056758642
-1721.95085350026	-484.8126676148229
-1721.95085350026	-494.0542295537816
-1721.95085350026	-503.2957914927403
-1721.95085350026	-512.537353431699
-1721.95085350026	-521.7789153706577
-1721.95085350026	-531.0204773096165
-1721.95085350026	-540.2620392485751
-1721.95085350026	-549.5036011875338
-1731.1924154392188	-558.7451631264926
-1731.1924154392188	-567.9867250654513
-1731.1924154392188	-577.2282870044099
-1731.1924154392188	-586.4698489433687
-1731.1924154392188	-595.7114108823274
-1731.1924154392188	-604.952972821286
-1731.1924154392188	-614.1945347602448
-1740.4339773781776	-623.4360966992035
-1740.4339773781776	-632.6776586381623
-1740.4339773781776	-641.9192205771209
-1749.675539317136	-651.1607825160796
-1749.675539317136	-660.4023444550384
-1758.9171012560948	-669.643906393997
-1758.9171012560948	-678.8854683329557
-1768.1586631950536	-688.1270302719145
-1768.1586631950536	-697.3685922108732
-1777.4002251340123	-706.6101541498318
-1786.641787072971	-715.8517160887906
-1786.641787072971	-725.0932780277493
-1786.641787072971	-734.3348399667079
-1786.641787072971	-743.5764019056667
-1786.641787072971	-752.8179638446254
-1786.641787072971	-762.0595257835841
-1786.641787072971	-771.3010877225428
-1786.641787072971	-780.5426496615015
-1786.641787072971	-789.7842116004603
-1786.641787072971	-799.0257735394189
-1795.8833490119298	-808.2673354783776
-1786.641787072971	-817.5088974173364
-1777.4002251340123	-826.7504593562951
-1777.4002251340123	-835.9920212952537
-1777.4002251340123	-845.2335832342125
-1768.1586631950536	-854.4751451731712
-1768.1586631950536	-863.7167071121299
-1768.1586631950536	-872.9582690510886
-1768.1586631950536	-882.1998309900473
-1758.9171012560948	-891.441392929006
-1758.9171012560948	-900.6829548679647
-1758.9171012560948	-909.9245168069234
-1758.9171012560948	-919.1660787458821
-1758.9171012560948	-928.4076406848409
-1749.675539317136	-937.6492026237995
-1749.675539317136	-946.8907645627582
-1749.675539317136	-956.132326501717
-1749.675539317136	-965.3738884406756
-1749.675539317136	-974.6154503796344
-1749.675539317136	-983.8570123185931
-1749.675539317136	-993.0985742575518
-1749.675539317136	-1002.3401361965105
-1749.675539317136	-1011.5816981354692
-1749.675539317136	-1020.8232600744279
-1749.675539317136	-1030.0648220133867
-1740.4339773781776	-1039.3063839523454
-1740.4339773781776	-1048.547945891304
-1740.4339773781776	-1057.7895078302627
-1740.4339773781776	-1067.0310697692214
-1731.1924154392188	-1076.2726317081801
-1731.1924154392188	-1085.5141936471389
-1731.1924154392188	-1094.7557555860976
-1731.1924154392188	-1103.9973175250564
-1731.1924154392188	-1113.2388794640149
-1731.1924154392188	-1122.4804414029736
-1731.1924154392188	-1131.7220033419323
-1731.1924154392188	-1140.963565280891
-1731.1924154392188	-1150.2051272198498
-1731.1924154392188	-1159.4466891588086
-1721.95085350026	-1168.6882510977673
-1721.95085350026	-1177.9298130367258
-1721.95085350026	-1187.1713749756846
-1721.95085350026	-1196.4129369146433
-1721.95085350026	-1205.654498853602
-1721.95085350026	-1214.8960607925608
-1712.7092915613014	-1224.1376227315195
-1703.4677296223426	-1233.3791846704783
-1694.226167683384	-1242.6207466094368
-1684.9846057444252	-1251.8623085483955
-1675.7430438054666	-1261.1038704873542
-1675.7430438054666	-1270.345432426313
-1666.501481866508	-1270.345432426313
-1657.2599199275492	-1279.5869943652717
-1648.0183579885904	-1288.8285563042305
-1638.7767960496317	-1298.0701182431892
-1638.7767960496317	-1307.311680182148
-1629.535234110673	-1307.311680182148
-1620.2936721717142	-1316.5532421211065
-1611.0521102327557	-1325.7948040600652
-1611.0521102327557	-1335.036365999024
-1601.810548293797	-1344.2779279379827
-1592.5689863548382	-1344.2779279379827
-1583.3274244158795	-1353.5194898769414
-1574.0858624769207	-1362.7610518159001
-1564.844300537962	-1372.0026137548589
-1555.6027385990033	-1372.0026137548589
-1546.3611766600447	-1381.2441756938174
-1537.119614721086	-1381.2441756938174
-1527.8780527821273	-1390.4857376327761
-1518.6364908431685	-1399.7272995717349
-1509.3949289042098	-1399.7272995717349
-1500.153366965251	-1399.7272995717349
-1490.9118050262923	-1408.9688615106936
-1481.6702430873338	-1408.9688615106936
-1472.428681148375	-1418.2104234496524
-1463.1871192094163	-1418.2104234496524
-1453.9455572704576	-1427.451985388611
-1444.7039953314988	-1427.451985388611
-1435.46243339254	-1427.451985388611
-1426.2208714535814	-1436.6935473275698
-1416.9793095146229	-1436.6935473275698
-1407.7377475756641	-1445.9351092665283
-1398.4961856367054	-1445.9351092665283
-1389.2546236977466	-1455.176671205487
-1380.013061758788	-1455.176671205487
-1370.7714998198292	-1455.176671205487
-1361.5299378808704	-1455.176671205487
-1352.288375941912	-1455.176671205487
-1343.0468140029532	-1464.4182331444458
-1333.8052520639944	-1464.4182331444458
-1324.5636901250357	-1464.4182331444458
-1315.322128186077	-1464.4182331444458
-1306.0805662471182	-1464.4182331444458
-1296.8390043081595	-1464.4182331444458
-1287.597442369201	-1464.4182331444458
-1278.3558804302422	-1464.4182331444458
-1269.1143184912835	-1464.4182331444458
-1259.8727565523247	-1464.4182331444458
-1250.631194613366	-1473.6597950834046
-1241.3896326744073	-1473.6597950834046
-1232.1480707354485	-1473.6597950834046
-1222.9065087964898	-1482.9013570223633
-1213.6649468575313	-1482.9013570223633
-1204.4233849185725	-1482.9013570223633
-1195.1818229796138	-1482.9013570223633
-1185.940261040655	-1492.142918961322
-1176.6986991016963	-1492.142918961322
-1167.4571371627376	-1492.142918961322
-1158.2155752237788	-1492.142918961322
-1148.9740132848203	-1492.142918961322
-1139.7324513458616	-1492.142918961322
-1130.4908894069029	-1492.142918961322
-1121.249327467944	-1501.3844809002808
-1112.0077655289854	-1501.3844809002808
-1102.7662035900266	-1501.3844809002808
-1093.524641651068	-1501.3844809002808
-1084.2830797121094	-1501.3844809002808
-1075.0415177731506	-1501.3844809002808
-1065.799955834192	-1510.6260428392393
-1056.5583938952332	-1510.6260428392393
-1047.3168319562744	-1510.6260428392393
-1038.0752700173157	-1510.6260428392393
-1028.833708078357	-1519.867604778198
-1019.5921461393983	-1519.867604778198
-1010.3505842004396	-1519.867604778198
-1001.109022261481	-1519.867604778198
-991.8674603225222	-1519.867604778198
-982.6258983835635	-1519.867604778198
-973.3843364446049	-1519.867604778198
-964.1427745056461	-1519.867604778198
-954.9012125666874	-1519.867604778198
-945.6596506277286	-1529.1091667171568
-936.41808868877	-1529.1091667171568
-927.1765267498113	-1529.1091667171568
-917.9349648108525	-1529.1091667171568
-908.6934028718939	-1529.1091667171568
-899.4518409329352	-1529.1091667171568
-890.2102789939764	-1529.1091667171568
-880.9687170550177	-1529.1091667171568
-871.7271551160591	-1529.1091667171568
-862.4855931771003	-1529.1091667171568
-853.2440312381416	-1529.1091667171568
-844.002469299183	-1529.1091667171568
-834.7609073602242	-1529.1091667171568
-825.5193454212655	-1529.1091667171568
-816.2777834823067	-1538.3507286561155
-807.0362215433481	-1538.3507286561155
-797.7946596043894	-1538.3507286561155
-788.5530976654306	-1547.5922905950742
-779.3115357264719	-1547.5922905950742
-770.0699737875133	-1547.5922905950742
-760.8284118485545	-1556.833852534033
-751.5868499095958	-1556.833852534033
-742.3452879706372	-1556.833852534033
-733.1037260316784	-1556.833852534033
-723.8621640927197	-1556.833852534033
-714.620602153761	-1566.0754144729917
-705.3790402148023	-1566.0754144729917
-696.1374782758436	-1566.0754144729917
-686.8959163368849	-1575.3169764119502
-677.6543543979262	-1575.3169764119502
-668.4127924589675	-1575.3169764119502
-659.1712305200087	-1575.3169764119502
-649.92966858105	-1575.3169764119502
-640.6881066420914	-1566.0754144729917
-631.4465447031326	-1566.0754144729917
-622.2049827641739	-1575.3169764119502
-612.9634208252153	-1575.3169764119502
-603.7218588862565	-1575.3169764119502
-594.4802969472978	-1584.558538350909
-585.2387350083391	-1584.558538350909
-575.9971730693804	-1584.558538350909
-566.7556111304217	-1593.8001002898677
-557.514049191463	-1593.8001002898677
-548.2724872525043	-1593.8001002898677
-539.0309253135456	-1593.8001002898677
-529.7893633745869	-1593.8001002898677
-520.5478014356281	-1593.8001002898677
-511.30623949666943	-1593.8001002898677
-502.06467755771075	-1593.8001002898677
-492.823115618752	-1593.8001002898677
-483.58155367979333	-1593.8001002898677
-474.33999174083465	-1593.8001002898677
-465.0984298018759	-1593.8001002898677
-455.8568678629172	-1593.8001002898677
-446.6153059239585	-1603.0416622288265
-437.3737439849998	-1603.0416622288265
-428.13218204604107	-1603.0416622288265
-418.8906201070824	-1603.0416622288265
-409.64905816812364	-1603.0416622288265
-400.40749622916496	-1603.0416622288265
-391.1659342902063	-1612.2832241677852
-381.92437235124754	-1612.2832241677852
-372.68281041228886	-1612.2832241677852
-363.4412484733301	-1612.2832241677852
-354.19968653437144	-1621.524786106744
-344.9581245954127	-1621.524786106744
-335.716562656454	-1621.524786106744
-326.47500071749533	-1621.524786106744
-317.2334387785366	-1630.7663480457027
-307.9918768395779	-1630.7663480457027
-298.7503149006192	-1630.7663480457027
-289.5087529616605	-1630.7663480457027
-280.26719102270175	-1630.7663480457027
-271.02562908374307	-1640.0079099846612
-261.78406714478433	-1640.0079099846612
-252.54250520582565	-1640.0079099846612
-243.30094326686694	-1640.0079099846612
-234.05938132790823	-1640.0079099846612
-224.81781938894952	-1640.0079099846612
-215.57625744999083	-1640.0079099846612
-206.33469551103212	-1649.24947192362
-197.0931335720734	-1649.24947192362
-187.8515716331147	-1640.0079099846612
-178.610009694156	-1640.0079099846612
-169.36844775519728	-1640.0079099846612
-160.12688581623857	-1640.0079099846612
-150.88532387727986	-1640.0079099846612
-141.64376193832118	-1630.7663480457027
-132.40219999936247	-1621.524786106744
-123.16063806040376	-1621.524786106744
-113.91907612144504	-1612.2832241677852
-104.67751418248633	-1612.2832241677852
-95.43595224352762	-1612.2832241677852
-86.19439030456893	-1612.2832241677852
-76.95282836561022	-1603.0416622288265
-67.7112664266515	-1603.0416622288265
-58.4697044876928	-1603.0416622288265
-49.22814254873409	-1593.8001002898677
-39.98658060977539	-1584.558538350909
-30.74501867081668	-1584.558538350909
-21.503456731857973	-1584.558538350909
-12.261894792899266	-1575.3169764119502
-3.0203328539405585	-1575.3169764119502
6.221229085018148	-1575.3169764119502
15.462791023976855	-1566.0754144729917
24.704352962935562	-1566.0754144729917
33.94591490189427	-1566.0754144729917
43.18747684085298	-1556.833852534033
52.429038779811684	-1556.833852534033
61.670600718770395	-1547.5922905950742
70.9121626577291	-1547.5922905950742
80.15372459668781	-1547.5922905950742
89.39528653564652	-1538.3507286561155
98.63684847460522	-1538.3507286561155
107.87841041356393	-1538.3507286561155
117.11997235252264	-1538.3507286561155
126.36153429148135	-1538.3507286561155
135.60309623044006	-1538.3507286561155
144.84465816939877	-1538.3507286561155
154.08622010835745	-1538.3507286561155
163.32778204731616	-1538.3507286561155
172.56934398627487	-1538.3507286561155
181.81090592523358	-1538.3507286561155
191.0524678641923	-1529.1091667171568
200.294029803151	-1529.1091667171568
209.53559174210972	-1529.1091667171568
218.77715368106843	-1529.1091667171568
228.0187156200271	-1529.1091667171568
237.26027755898582	-1529.1091667171568
246.50183949794453	-1529.1091667171568
255.74340143690324	-1529.1091667171568
264.9849633758619	-1538.3507286561155
274.22652531482066	-1538.3507286561155
283.46808725377934	-1538.3507286561155
292.7096491927381	-1538.3507286561155
301.95121113169677	-1538.3507286561155
311.1927730706555	-1538.3507286561155
320.4343350096142	-1538.3507286561155
329.6758969485729	-1538.3507286561155
338.9174588875316	-1538.3507286561155
348.1590208264903	-1538.3507286561155
357.40058276544903	-1538.3507286561155
366.6421447044077	-1538.3507286561155
375.88370664336645	-1538.3507286561155
385.12526858232513	-1538.3507286561155
394.3668305212839	-1538.3507286561155
403.60839246024256	-1529.1091667171568
412.84995439920124	-1529.1091667171568
422.09151633816	-1529.1091667171568
431.33307827711866	-1529.1091667171568
440.5746402160774	-1519.867604778198
449.8162021550361	-1519.867604778198
459.0577640939948	-1510.6260428392393
468.2993260329535	-1510.6260428392393
477.54088797191224	-1510.6260428392393
486.7824499108709	-1510.6260428392393
496.0240118498296	-1510.6260428392393
505.26557378878834	-1501.3844809002808
514.507135727747	-1501.3844809002808
523.7486976667058	-1501.3844809002808
532.9902596056645	-1501.3844809002808
542.2318215446231	-1492.142918961322
551.4733834835819	-1492.142918961322
560.7149454225406	-1492.142918961322
569.9565073614992	-1482.9013570223633
579.198069300458	-1482.9013570223633
588.4396312394167	-1482.9013570223633
597.6811931783755	-1482.9013570223633
606.9227551173341	-1473.6597950834046
616.1643170562928	-1473.6597950834046
625.4058789952516	-1473.6597950834046
634.6474409342102	-1464.4182331444458
643.8890028731689	-1464.4182331444458
653.1305648121277	-1464.4182331444458
662.3721267510864	-1455.176671205487
671.613688690045	-1455.176671205487
680.8552506290038	-1455.176671205487
690.0968125679625	-1445.9351092665283
699.3383745069212	-1445.9351092665283
708.5799364458799	-1436.6935473275698
717.8214983848386	-1436.6935473275698
727.0630603237973	-1436.6935473275698
736.304622262756	-1427.451985388611
745.5461842017147	-1427.451985388611
754.7877461406734	-1418.2104234496524
764.0293080796322	-1418.2104234496524
773.2708700185908	-1408.9688615106936
782.5124319575496	-1399.7272995717349
791.7539938965083	-1390.4857376327761
800.9955558354669	-1381.2441756938174
810.2371177744257	-1372.0026137548589
819.4786797133844	-1362.7610518159001
828.7202416523431	-1353.5194898769414
837.9618035913018	-1353.5194898769414
847.2033655302605	-1344.2779279379827
856.4449274692192	-1335.036365999024
865.6864894081779	-1335.036365999024
874.9280513471366	-1325.7948040600652
884.1696132860953	-1316.5532421211065
893.4111752250541	-1316.5532421211065
902.6527371640127	-1316.5532421211065
911.8942991029714	-1307.311680182148
921.1358610419302	-1298.0701182431892
930.3774229808888	-1298.0701182431892
939.6189849198475	-1288.8285563042305
948.8605468588063	-1279.5869943652717
958.102108797765	-1270.345432426313
967.3436707367237	-1261.1038704873542
976.5852326756824	-1251.8623085483955
985.8267946146411	-1242.6207466094368
995.0683565535999	-1233.3791846704783
1004.3099184925585	-1233.3791846704783
1013.5514804315172	-1233.3791846704783
1022.793042370476	-1224.1376227315195
1032.0346043094346	-1224.1376227315195
1041.2761662483933	-1214.8960607925608
1050.517728187352	-1205.654498853602
1059.7592901263108	-1205.654498853602
1069.0008520652696	-1196.4129369146433
1069.0008520652696	-1187.1713749756846
1078.242414004228	-1177.9298130367258
1087.4839759431868	-1168.6882510977673
1096.7255378821455	-1159.4466891588086
1096.7255378821455	-1150.2051272198498
1105.9670998211043	-1140.963565280891
1115.208661760063	-1131.7220033419323
1115.208661760063	-1122.4804414029736
1124.4502236990218	-1113.2388794640149
1133.6917856379805	-1103.9973175250564
1142.9333475769392	-1094.7557555860976
1152.1749095158978	-1085.5141936471389
1161.4164714548565	-1076.2726317081801
1170.6580333938152	-1067.0310697692214
1170.6580333938152	-1057.7895078302627
1179.899595332774	-1048.547945891304
1189.1411572717327	-1039.3063839523454
1198.3827192106914	-1030.0648220133867
1207.6242811496502	-1020.8232600744279
1207.6242811496502	-1011.5816981354692
1216.8658430886087	-1002.3401361965105
1226.1074050275674	-993.0985742575518
1235.3489669665262	-983.8570123185931
1244.590528905485	-974.6154503796344
1253.8320908444437	-965.3738884406756
1263.0736527834024	-956.132326501717
1263.0736527834024	-946.8907645627582
1272.3152147223611	-937.6492026237995
1272.3152147223611	-928.4076406848409
1281.5567766613196	-919.1660787458821
1281.5567766613196	-909.9245168069234
1281.5567766613196	-900.6829548679647
1290.7983386002784	-891.441392929006
1290.7983386002784	-882.1998309900473
1290.7983386002784	-872.9582690510886
1300.0399005392371	-863.7167071121299
1300.0399005392371	-854.4751451731712
1300.0399005392371	-845.2335832342125
1309.2814624781959	-835.9920212952537
1309.2814624781959	-826.7504593562951
1309.2814624781959	-817.5088974173364
1309.2814624781959	-808.2673354783776
1318.5230244171546	-799.0257735394189
1318.5230244171546	-789.7842116004603
1327.7645863561133	-780.5426496615015
1337.006148295072	-771.3010877225428
1346.2477102340306	-771.3010877225428
1346.2477102340306	-762.0595257835841
1355.4892721729893	-752.8179638446254
1355.4892721729893	-743.5764019056667
1364.730834111948	-734.3348399667079
1364.730834111948	-725.0932780277493
1373.9723960509068	-715.8517160887906
1373.9723960509068	-706.6101541498318
1364.730834111948	-697.3685922108732
1364.730834111948	-688.1270302719145
1364.730834111948	-678.8854683329557
1373.9723960509068	-669.643906393997
1373.9723960509068	-660.4023444550384
1373.9723960509068	-651.1607825160796
1373.9723960509068	-641.9192205771209
1373.9723960509068	-632.6776586381623
1383.2139579898655	-623.4360966992035
1383.2139579898655	-614.1945347602448
1383.2139579898655	-604.952972821286
1383.2139579898655	-595.7114108823274
1392.4555199288243	-586.4698489433687
1392.4555199288243	-577.2282870044099
1392.4555199288243	-567.9867250654513
1392.4555199288243	-558.7451631264926
1392.4555199288243	-549.5036011875338
1392.4555199288243	-540.2620392485751
1392.4555199288243	-531.0204773096165
1392.4555199288243	-521.7789153706577
1392.4555199288243	-512.537353431699
1392.4555199288243	-503.2957914927403
1392.4555199288243	-494.0542295537816
1392.4555199288243	-484.8126676148229
1392.4555199288243	-475.5711056758642
1392.4555199288243	-466.32954373690546
1392.4555199288243	-457.0879817979468
1392.4555199288243	-447.84641985898804
1392.4555199288243	-438.60485792002936
1392.4555199288243	-429.3632959810706
1401.697081867783	-420.12173404211194
1401.697081867783	-410.88017210315326
1401.697081867783	-401.6386101641945
1410.9386438067415	-392.39704822523584
1410.9386438067415	-383.1554862862771
1410.9386438067415	-373.9139243473184
1410.9386438067415	-364.6723624083597
1410.9386438067415	-355.430800469401
1420.1802057457003	-346.1892385304423
1420.1802057457003	-336.94767659148357
1420.1802057457003	-327.7061146525249
1429.421767684659	-318.46455271356615
1438.6633296236178	-309.22299077460747
1438.6633296236178	-299.9814288356487
1438.6633296236178	-290.73986689669005
1438.6633296236178	-281.4983049577313
1438.6633296236178	-272.2567430187726
1438.6633296236178	-263.01518107981394
1438.6633296236178	-253.7736191408552
1438.6633296236178	-244.5320572018965
1438.6633296236178	-235.2904952629378
1438.6633296236178	-226.0489333239791
1429.421767684659	-216.8073713850204
1438.6633296236178	-207.56580944606168
1438.6633296236178	-198.32424750710297
1438.6633296236178	-189.08268556814426
1438.6633296236178	-179.84112362918555
1438.6633296236178	-170.59956169022684
1438.6633296236178	-161.35799975126815
1438.6633296236178	-152.11643781230944
1438.6633296236178	-142.87487587335073
1447.9048915625765	-133.63331393439202
1447.9048915625765	-124.39175199543331
1447.9048915625765	-115.1501900564746
1447.9048915625765	-105.9086281175159
1457.1464535015352	-96.66706617855719
1457.1464535015352	-87.42550423959848
1457.1464535015352	-78.18394230063977
1457.1464535015352	-68.94238036168107
1457.1464535015352	-59.700818422722364
1457.1464535015352	-50.45925648376365
1447.9048915625765	-41.21769454480495
1447.9048915625765	-31.97613260584624
1447.9048915625765	-22.73457066688753
1447.9048915625765	-13.493008727928824
1447.9048915625765	-4.251446788970118
1447.9048915625765	4.990115149988589
1447.9048915625765	14.231677088947297
1447.9048915625765	23.473239027906004
1447.9048915625765	32.71480096686471
1447.9048915625765	41.95636290582342
1447.9048915625765	51.19792484478212
1447.9048915625765	60.43948678374083
1447.9048915625765	69.68104872269954
1447.9048915625765	78.92261066165824
1447.9048915625765	88.16417260061695
1447.9048915625765	97.40573453957566
1447.9048915625765	106.64729647853437
1447.9048915625765	115.88885841749307
1447.9048915625765	125.13042035645178
1447.9048915625765	134.37198229541048
1447.9048915625765	143.6135442343692
1457.1464535015352	152.8551061733279
1457.1464535015352	162.0966681122866
1457.1464535015352	171.33823005124532
1457.1464535015352	180.57979199020403
1457.1464535015352	189.82135392916274
1457.1464535015352	199.06291586812145
1466.388015440494	208.30447780708013
1466.388015440494	217.54603974603884
1466.388015440494	226.78760168499755
1466.388015440494	236.02916362395626
1466.388015440494	245.27072556291498
1466.388015440494	254.5122875018737
1466.388015440494	263.75384944083237
1466.388015440494	272.9954113797911
1466.388015440494	282.2369733187498
1466.388015440494	291.47853525770853
1466.388015440494	300.7200971966672
1466.388015440494	309.96165913562595
1475.6295773794525	319.20322107458463
1475.6295773794525	328.4447830135433
1475.6295773794525	337.68634495250205
1475.6295773794525	346.92790689146074
1475.6295773794525	356.1694688304195
1475.6295773794525	365.41103076937816
1475.6295773794525	374.6525927083369
1475.6295773794525	383.8941546472956
1475.6295773794525	393.13571658625426
1475.6295773794525	402.377278525213
1475.6295773794525	411.6188404641717
1475.6295773794525	420.8604024031304
1484.8711393184112	430.1019643420891
1484.8711393184112	439.34352628104784
1494.11270125737	448.5850882200065
1494.11270125737	457.82665015896526
1494.11270125737	467.06821209792395
1494.11270125737	476.30977403688263
1494.11270125737	485.55133597584137
1503.3542631963287	494.79289791480005
1503.3542631963287	504.0344598537588
1512.5958251352874	513.2760217927175
1512.5958251352874	522.5175837316762
1512.5958251352874	531.7591456706349
1512.5958251352874	541.0007076095936
1521.8373870742462	550.2422695485523
1521.8373870742462	559.483831487511
1521.8373870742462	568.7253934264697
1521.8373870742462	577.9669553654285
1521.8373870742462	587.2085173043871
1521.8373870742462	596.4500792433458
1531.078949013205	605.6916411823046
1531.078949013205	614.9332031212632
1531.078949013205	624.174765060222
1540.3205109521634	633.4163269991807
1540.3205109521634	642.6578889381394
1540.3205109521634	651.899450877098
1540.3205109521634	661.1410128160568
1540.3205109521634	670.3825747550155
1540.3205109521634	679.6241366939743
1540.3205109521634	688.8656986329329
1540.3205109521634	698.1072605718916
1540.3205109521634	707.3488225108504
1540.3205109521634	716.590384449809
1549.5620728911222	725.8319463887677
1549.5620728911222	735.0735083277265
1549.5620728911222	744.3150702666852
1549.5620728911222	753.5566322056438
1549.5620728911222	762.7981941446026
1549.5620728911222	772.0397560835613
1549.5620728911222	781.2813180225199
1549.5620728911222	790.5228799614787
1549.5620728911222	799.7644419004374
1558.803634830081	809.0060038393962
1558.803634830081	818.2475657783548
1558.803634830081	827.4891277173135
1558.803634830081	836.7306896562723
1558.803634830081	845.9722515952309
1558.803634830081	855.2138135341896
1558.803634830081	864.4553754731484
1568.0451967690396	873.6969374121071
1568.0451967690396	882.9384993510657
1558.803634830081	892.1800612900245
1568.0451967690396	901.4216232289832
1558.803634830081	910.6631851679418
1558.803634830081	919.9047471069006
1558.803634830081	929.1463090458593
1558.803634830081	938.387870984818
1558.803634830081	947.6294329237767
1558.803634830081	956.8709948627354
1558.803634830081	966.1125568016942
1558.803634830081	975.3541187406529
1558.803634830081	984.5956806796115
1558.803634830081	993.8372426185703
1558.803634830081	1003.078804557529
1558.803634830081	1012.3203664964876
1558.803634830081	1021.5619284354464
1558.803634830081	1030.803490374405
1558.803634830081	1040.0450523133638
1558.803634830081	1049.2866142523226
1558.803634830081	1058.528176191281
1558.803634830081	1067.7697381302398
1558.803634830081	1077.0113000691986
1558.803634830081	1086.2528620081573
1558.803634830081	1095.494423947116
1558.803634830081	1104.7359858860748
1558.803634830081	1113.9775478250335
1558.803634830081	1123.2191097639923
1558.803634830081	1132.4606717029508
1558.803634830081	1141.7022336419095
1558.803634830081	1150.9437955808683
1549.5620728911222	1160.185357519827
1549.5620728911222	1169.4269194587857
1540.3205109521634	1178.6684813977445
1540.3205109521634	1187.9100433367032
1531.078949013205	1197.1516052756617
1531.078949013205	1206.3931672146205
1531.078949013205	1215.6347291535792
1521.8373870742462	1224.876291092538
1521.8373870742462	1234.1178530314967
1521.8373870742462	1243.3594149704554
1512.5958251352874	1252.6009769094142
1512.5958251352874	1261.8425388483727
1512.5958251352874	1271.0841007873314
1512.5958251352874	1280.3256627262901
1512.5958251352874	1289.567224665249
1512.5958251352874	1298.8087866042076
1512.5958251352874	1308.0503485431664
1512.5958251352874	1317.291910482125
1512.5958251352874	1326.5334724210836
1503.3542631963287	1335.7750343600424
1503.3542631963287	1345.016596299001
1503.3542631963287	1354.2581582379598
1503.3542631963287	1363.4997201769186
1494.11270125737	1372.7412821158773
1494.11270125737	1381.982844054836
1494.11270125737	1391.2244059937946
1494.11270125737	1400.4659679327533
1494.11270125737	1409.707529871712
1484.8711393184112	1418.9490918106708
1484.8711393184112	1428.1906537496295
1484.8711393184112	1437.4322156885883
1475.6295773794525	1446.673777627547
1475.6295773794525	1455.9153395665055
1475.6295773794525	1465.1569015054642
1475.6295773794525	1474.398463444423
1466.388015440494	1483.6400253833817
1466.388015440494	1492.8815873223405
1457.1464535015352	1502.1231492612992
1447.9048915625765	1511.364711200258
1438.6633296236178	1520.6062731392165
1429.421767684659	1529.8478350781752
1420.1802057457003	1539.089397017134
1410.9386438067415	1548.3309589560927
1401.697081867783	1557.5725208950514
1392.4555199288243	1566.8140828340102
1383.2139579898655	1576.055644772969
1373.9723960509068	1585.2972067119274
1364.730834111948	1594.5387686508861
1355.4892721729893	1603.7803305898449
1355.4892721729893	1613.0218925288036
1346.2477102340306	1622.2634544677624
1346.2477102340306	1631.505016406721
1337.006148295072	1640.7465783456798
1337.006148295072	1649.9881402846383
1327.7645863561133	1659.229702223597
1327.7645863561133	1668.4712641625558
1318.5230244171546	1677.7128261015146
1318.5230244171546	1686.9543880404733
1309.2814624781959	1696.195949979432
1300.0399005392371	1705.4375119183908
1290.7983386002784	1714.6790738573495
1290.7983386002784	1723.920635796308
1281.5567766613196	1733.1621977352668
1272.3152147223611	1733.1621977352668
1263.0736527834024	1742.4037596742255
1253.8320908444437	1742.4037596742255
1244.590528905485	1742.4037596742255
1235.3489669665262	1742.4037596742255
1226.1074050275674	1742.4037596742255
1216.8658430886087	1751.6453216131843
1207.6242811496502	1751.6453216131843
1198.3827192106914	1751.6453216131843
1189.1411572717327	1751.6453216131843
1179.899595332774	1751.6453216131843
1170.6580333938152	1751.6453216131843
1161.4164714548565	1751.6453216131843
1152.1749095158978	1760.886883552143
1142.9333475769392	1760.886883552143
1133.6917856379805	1760.886883552143
1124.4502236990218	1760.886883552143
1115.208661760063	1760.886883552143
1105.9670998211043	1760.886883552143
1096.7255378821455	1751.6453216131843
1087.4839759431868	1751.6453216131843
1078.242414004228	1751.6453216131843
1069.0008520652696	1742.4037596742255
1059.7592901263108	1742.4037596742255
1050.517728187352	1742.4037596742255
1041.2761662483933	1733.1621977352668
1032.0346043094346	1733.1621977352668
1022.793042370476	1733.1621977352668
1013.5514804315172	1733.1621977352668
1004.3099184925585	1733.1621977352668
995.0683565535999	1723.920635796308
985.8267946146411	1723.920635796308
976.5852326756824	1723.920635796308
967.3436707367237	1723.920635796308
958.102108797765	1723.920635796308
948.8605468588063	1723.920635796308
939.6189849198475	1714.6790738573495
930.3774229808888	1714.6790738573495
921.1358610419302	1714.6790738573495
911.8942991029714	1705.4375119183908
902.6527371640127	1696.195949979432
893.4111752250541	1686.9543880404733
884.1696132860953	1677.7128261015146
874.9280513471366	1668.4712641625558
865.6864894081779	1668.4712641625558
856.4449274692192	1659.229702223597
847.2033655302605	1649.9881402846383
837.9618035913018	1649.9881402846383
828.7202416523431	1640.7465783456798
819.4786797133844	1631.505016406721
810.2371177744257	1631.505016406721
800.9955558354669	1631.505016406721
791.7539938965083	1631.505016406721
782.5124319575496	1631.505016406721
773.2708700185908	1631.505016406721
764.0293080796322	1622.2634544677624
754.7877461406734	1622.2634544677624
745.5461842017147	1622.2634544677624
736.304622262756	1622.2634544677624
727.0630603237973	1613.0218925288036
717.8214983848386	1613.0218925288036
708.5799364458799	1613.0218925288036
699.3383745069212	1613.0218925288036
690.0968125679625	1613.0218925288036
680.8552506290038	1613.0218925288036
671.613688690045	1603.7803305898449
662.3721267510864	1603.7803305898449
653.1305648121277	1594.5387686508861
643.8890028731689	1594.5387686508861
634.6474409342102	1594.5387686508861
625.4058789952516	1594.5387686508861
616.1643170562928	1594.5387686508861
606.9227551173341	1594.5387686508861
597.6811931783755	1603.7803305898449
588.4396312394167	1613.0218925288036
579.198069300458	1613.0218925288036
569.9565073614992	1613.0218925288036
560.7149454225406	1613.0218925288036
551.4733834835819	1613.0218925288036
542.2318215446231	1622.2634544677624
532.9902596056645	1622.2634544677624
523.7486976667058	1622.2634544677624
514.507135727747	1631.505016406721
505.26557378878834	1631.505016406721
496.0240118498296	1631.505016406721
486.7824499108709	1631.505016406721
477.54088797191224	1631.505016406721
468.2993260329535	1631.505016406721
459.0577640939948	1622.2634544677624
449.8162021550361	1622.2634544677624
440.5746402160774	1622.2634544677624
431.33307827711866	1613.0218925288036
422.09151633816	1613.0218925288036
412.84995439920124	1613.0218925288036
403.60839246024256	1613.0218925288036
394.3668305212839	1613.0218925288036
385.12526858232513	1613.0218925288036
375.88370664336645	1613.0218925288036
366.6421447044077	1613.0218925288036
357.40058276544903	1613.0218925288036
348.1590208264903	1603.7803305898449
338.9174588875316	1603.7803305898449
329.6758969485729	1603.7803305898449
320.4343350096142	1594.5387686508861
311.1927730706555	1594.5387686508861
301.95121113169677	1585.2972067119274
292.7096491927381	1585.2972067119274
283.46808725377934	1585.2972067119274
274.22652531482066	1585.2972067119274
264.9849633758619	1585.2972067119274
255.74340143690324	1585.2972067119274
246.50183949794453	1585.2972067119274
237.26027755898582	1585.2972067119274
228.0187156200271	1585.2972067119274
218.77715368106843	1594.5387686508861
209.53559174210972	1585.2972067119274
200.294029803151	1585.2972067119274
191.0524678641923	1585.2972067119274
181.81090592523358	1585.2972067119274
172.56934398627487	1576.055644772969
163.32778204731616	1576.055644772969
154.08622010835745	1576.055644772969
144.84465816939877	1576.055644772969
135.60309623044006	1576.055644772969
126.36153429148135	1576.055644772969
117.11997235252264	1585.2972067119274
107.87841041356393	1585.2972067119274
98.63684847460522	1585.2972067119274
89.39528653564652	1594.5387686508861
80.15372459668781	1594.5387686508861
70.9121626577291	1585.2972067119274
61.670600718770395	1585.2972067119274
52.429038779811684	1576.055644772969
43.18747684085298	1576.055644772969
33.94591490189427	1566.8140828340102
24.704352962935562	1566.8140828340102
15.462791023976855	1566.8140828340102
6.221229085018148	1557.5725208950514
-3.0203328539405585	1557.5725208950514
-12.261894792899266	1557.5725208950514
-21.503456731857973	1557.5725208950514
-30.74501867081668	1548.3309589560927
-39.98658060977539	1548.3309589560927
-49.22814254873409	1548.3309589560927
-58.4697044876928	1548.3309589560927
-67.7112664266515	1548.3309589560927
-76.95282836561022	1548.3309589560927
-86.19439030456893	1548.3309589560927
-95.43595224352762	1548.3309589560927
-104.67751418248633	1548.3309589560927
