# particle morphology
# using file: 36-05X-H.png
#
#x/µm	y/µm
-377.0753303267498	2316.511654813125
-387.2631917128884	2326.6995161992636
-397.45105309902704	2336.887377585402
-407.6389144851656	2347.075238971541
-417.8267758713042	2347.075238971541
-428.01463725744287	2357.26310035768
-438.20249864358146	2357.26310035768
-448.3903600297201	2367.4509617438184
-458.5782214158587	2367.4509617438184
-468.7660828019973	2377.638823129957
-478.95394418813595	2387.8266845160956
-489.14180557427454	2398.014545902234
-499.32966696041314	2398.014545902234
-509.5175283465518	2408.202407288373
-519.7053897326904	2418.3902686745114
-529.893251118829	2418.3902686745114
-540.0811125049676	2428.57813006065
-550.2689738911063	2428.57813006065
-560.4568352772449	2438.7659914467886
-570.6446966633835	2438.7659914467886
-580.832558049522	2448.953852832927
-591.0204194356606	2448.953852832927
-601.2082808217993	2448.953852832927
-611.3961422079379	2459.1417142190658
-621.5840035940765	2459.1417142190658
-631.7718649802151	2459.1417142190658
-641.9597263663537	2459.1417142190658
-652.1475877524924	2459.1417142190658
-662.335449138631	2459.1417142190658
-672.5233105247696	2459.1417142190658
-682.7111719109082	2459.1417142190658
-692.8990332970468	2448.953852832927
-703.0868946831854	2448.953852832927
-713.2747560693241	2438.7659914467886
-723.4626174554627	2438.7659914467886
-733.6504788416013	2428.57813006065
-743.8383402277399	2428.57813006065
-754.0262016138785	2418.3902686745114
-764.2140630000172	2408.202407288373
-774.4019243861558	2408.202407288373
-784.5897857722944	2398.014545902234
-794.777647158433	2387.8266845160956
-804.9655085445715	2387.8266845160956
-815.1533699307103	2377.638823129957
-825.3412313168488	2367.4509617438184
-835.5290927029874	2357.26310035768
-845.716954089126	2347.075238971541
-855.9048154752646	2347.075238971541
-866.0926768614032	2336.887377585402
-876.2805382475419	2326.6995161992636
-886.4683996336805	2326.6995161992636
-896.6562610198191	2326.6995161992636
-906.8441224059577	2316.511654813125
-917.0319837920963	2316.511654813125
-927.219845178235	2306.3237934269864
-937.4077065643736	2306.3237934269864
-947.5955679505122	2296.135932040848
-957.7834293366508	2296.135932040848
-967.9712907227894	2296.135932040848
-978.1591521089281	2285.948070654709
-988.3470134950667	2275.7602092685706
-998.5348748812053	2265.572347882432
-1008.7227362673439	2255.3844864962934
-1018.9105976534825	2245.196625110155
-1018.9105976534825	2235.0087637240163
-1029.098459039621	2224.8209023378777
-1029.098459039621	2214.633040951739
-1039.2863204257596	2204.4451795656005
-1039.2863204257596	2194.257318179462
-1049.4741818118982	2184.0694567933233
-1059.662043198037	2173.8815954071847
-1059.662043198037	2163.693734021046
-1069.8499045841756	2153.5058726349075
-1069.8499045841756	2143.318011248769
-1080.0377659703142	2133.1301498626303
-1080.0377659703142	2122.9422884764913
-1090.2256273564528	2112.7544270903527
-1090.2256273564528	2102.566565704214
-1090.2256273564528	2092.3787043180755
-1090.2256273564528	2082.190842931937
-1100.4134887425914	2072.0029815457983
-1100.4134887425914	2061.8151201596597
-1110.60135012873	2051.627258773521
-1120.7892115148686	2041.4393973873825
-1130.9770729010072	2031.251536001244
-1130.9770729010072	2021.0636746151054
-1141.1649342871458	2010.8758132289668
-1141.1649342871458	2000.6879518428282
-1151.3527956732844	1990.5000904566896
-1161.540657059423	1980.312229070551
-1171.7285184455618	1970.1243676844124
-1181.9163798317004	1959.9365062982736
-1192.104241217839	1949.748644912135
-1202.2921026039776	1939.5607835259964
-1202.2921026039776	1929.3729221398578
-1212.4799639901162	1919.1850607537192
-1212.4799639901162	1908.9971993675806
-1222.6678253762548	1898.809337981442
-1222.6678253762548	1888.6214765953034
-1232.8556867623934	1878.4336152091648
-1243.043548148532	1868.2457538230262
-1243.043548148532	1858.0578924368874
-1253.2314095346705	1847.8700310507488
-1253.2314095346705	1837.6821696646102
-1263.4192709208091	1827.4943082784716
-1273.6071323069477	1817.306446892333
-1273.6071323069477	1807.1185855061944
-1283.7949936930866	1796.9307241200559
-1293.9828550792251	1786.7428627339173
-1293.9828550792251	1776.5550013477787
-1304.1707164653637	1766.36713996164
-1304.1707164653637	1756.1792785755015
-1304.1707164653637	1745.9914171893627
-1314.3585778515023	1735.803555803224
-1314.3585778515023	1725.6156944170855
-1314.3585778515023	1715.4278330309469
-1314.3585778515023	1705.2399716448083
-1314.3585778515023	1695.0521102586697
-1314.3585778515023	1684.864248872531
-1314.3585778515023	1674.6763874863925
-1314.3585778515023	1664.488526100254
-1324.546439237641	1654.3006647141153
-1334.7343006237795	1644.1128033279767
-1334.7343006237795	1633.924941941838
-1334.7343006237795	1623.7370805556993
-1334.7343006237795	1613.5492191695607
-1334.7343006237795	1603.3613577834221
-1334.7343006237795	1593.1734963972835
-1334.7343006237795	1582.985635011145
-1334.7343006237795	1572.7977736250064
-1334.7343006237795	1562.6099122388678
-1334.7343006237795	1552.4220508527292
-1334.7343006237795	1542.2341894665906
-1344.922162009918	1532.0463280804518
-1344.922162009918	1521.8584666943132
-1355.1100233960567	1511.6706053081746
-1355.1100233960567	1501.482743922036
-1355.1100233960567	1491.2948825358974
-1355.1100233960567	1481.1070211497588
-1355.1100233960567	1470.9191597636202
-1355.1100233960567	1460.7312983774816
-1355.1100233960567	1450.543436991343
-1365.2978847821953	1440.3555756052044
-1365.2978847821953	1430.1677142190658
-1365.2978847821953	1419.979852832927
-1365.2978847821953	1409.7919914467884
-1375.485746168334	1399.6041300606498
-1375.485746168334	1389.4162686745112
-1375.485746168334	1379.2284072883726
-1375.485746168334	1369.040545902234
-1375.485746168334	1358.8526845160955
-1375.485746168334	1348.6648231299569
-1385.6736075544727	1338.4769617438183
-1385.6736075544727	1328.2891003576797
-1385.6736075544727	1318.101238971541
-1395.8614689406113	1307.9133775854023
-1395.8614689406113	1297.7255161992637
-1395.8614689406113	1287.537654813125
-1395.8614689406113	1277.3497934269865
-1385.6736075544727	1267.161932040848
-1385.6736075544727	1256.9740706547093
-1385.6736075544727	1246.7862092685707
-1385.6736075544727	1236.598347882432
-1385.6736075544727	1226.4104864962935
-1385.6736075544727	1216.222625110155
-1395.8614689406113	1206.034763724016
-1395.8614689406113	1195.8469023378775
-1395.8614689406113	1185.659040951739
-1395.8614689406113	1175.4711795656003
-1395.8614689406113	1165.2833181794617
-1395.8614689406113	1155.0954567933231
-1395.8614689406113	1144.9075954071845
-1395.8614689406113	1134.719734021046
-1395.8614689406113	1124.5318726349074
-1395.8614689406113	1114.3440112487688
-1395.8614689406113	1104.1561498626302
-1406.04933032675	1093.9682884764914
-1406.04933032675	1083.7804270903528
-1406.04933032675	1073.5925657042142
-1406.04933032675	1063.4047043180756
-1406.04933032675	1053.216842931937
-1416.2371917128885	1043.0289815457984
-1416.2371917128885	1032.8411201596598
-1416.2371917128885	1022.6532587735212
-1416.2371917128885	1012.4653973873825
-1416.2371917128885	1002.2775360012439
-1416.2371917128885	992.0896746151053
-1416.2371917128885	981.9018132289667
-1416.2371917128885	971.7139518428281
-1426.425053099027	961.5260904566894
-1426.425053099027	951.3382290705508
-1426.425053099027	941.1503676844122
-1426.425053099027	930.9625062982736
-1426.425053099027	920.774644912135
-1426.425053099027	910.5867835259965
-1426.425053099027	900.3989221398577
-1426.425053099027	890.2110607537192
-1426.425053099027	880.0231993675806
-1436.6129144851657	869.835337981442
-1436.6129144851657	859.6474765953034
-1436.6129144851657	849.4596152091647
-1436.6129144851657	839.2717538230261
-1436.6129144851657	829.0838924368875
-1436.6129144851657	818.8960310507489
-1436.6129144851657	808.7081696646103
-1426.425053099027	798.5203082784716
-1426.425053099027	788.332446892333
-1426.425053099027	778.1445855061944
-1426.425053099027	767.9567241200558
-1426.425053099027	757.7688627339172
-1426.425053099027	747.5810013477786
-1426.425053099027	737.3931399616399
-1436.6129144851657	727.2052785755013
-1436.6129144851657	717.0174171893627
-1436.6129144851657	706.8295558032241
-1436.6129144851657	696.6416944170855
-1436.6129144851657	686.4538330309468
-1436.6129144851657	676.2659716448082
-1436.6129144851657	666.0781102586697
-1436.6129144851657	655.8902488725311
-1436.6129144851657	645.7023874863925
-1436.6129144851657	635.5145261002538
-1436.6129144851657	625.3266647141152
-1436.6129144851657	615.1388033279766
-1436.6129144851657	604.950941941838
-1446.8007758713043	594.7630805556994
-1446.8007758713043	584.5752191695608
-1446.8007758713043	574.3873577834221
-1436.6129144851657	564.1994963972835
-1436.6129144851657	554.0116350111449
-1436.6129144851657	543.8237736250063
-1436.6129144851657	533.6359122388677
-1436.6129144851657	523.448050852729
-1436.6129144851657	513.2601894665904
-1436.6129144851657	503.0723280804518
-1446.8007758713043	492.88446669431323
-1446.8007758713043	482.6966053081746
-1446.8007758713043	472.508743922036
-1446.8007758713043	462.3208825358974
-1436.6129144851657	452.13302114975875
-1446.8007758713043	441.94515976362015
-1446.8007758713043	431.7572983774815
-1446.8007758713043	421.5694369913429
-1446.8007758713043	411.3815756052043
-1446.8007758713043	401.19371421906567
-1456.9886372574429	391.0058528329271
-1456.9886372574429	380.8179914467885
-1456.9886372574429	370.63013006064983
-1456.9886372574429	360.44226867451124
-1456.9886372574429	350.2544072883726
-1446.8007758713043	340.066545902234
-1436.6129144851657	329.8786845160954
-1436.6129144851657	319.69082312995675
-1436.6129144851657	309.50296174381816
-1426.425053099027	299.31510035767957
-1426.425053099027	289.1272389715409
-1436.6129144851657	278.9393775854023
-1436.6129144851657	268.7515161992637
-1436.6129144851657	258.5636548131251
-1436.6129144851657	248.37579342698646
-1436.6129144851657	238.18793204084787
-1436.6129144851657	228.00007065470925
-1436.6129144851657	217.81220926857063
-1436.6129144851657	207.624347882432
-1436.6129144851657	197.4364864962934
-1446.8007758713043	187.2486251101548
-1446.8007758713043	177.06076372401617
-1446.8007758713043	166.87290233787755
-1456.9886372574429	156.68504095173896
-1456.9886372574429	146.49717956560033
-1456.9886372574429	136.3093181794617
-1456.9886372574429	126.1214567933231
-1456.9886372574429	115.93359540718448
-1456.9886372574429	105.74573402104588
-1456.9886372574429	95.55787263490726
-1456.9886372574429	85.37001124876865
-1456.9886372574429	75.18214986263003
-1456.9886372574429	64.99428847649142
-1456.9886372574429	54.806427090352805
-1456.9886372574429	44.61856570421419
-1456.9886372574429	34.43070431807558
-1456.9886372574429	24.242842931936963
-1446.8007758713043	14.054981545798347
-1446.8007758713043	3.867120159659733
-1446.8007758713043	-6.320741226478881
-1446.8007758713043	-16.508602612617494
-1446.8007758713043	-26.69646399875611
-1446.8007758713043	-36.88432538489472
-1446.8007758713043	-47.07218677103334
-1436.6129144851657	-57.26004815717195
-1436.6129144851657	-67.44790954331057
-1436.6129144851657	-77.63577092944918
-1436.6129144851657	-87.8236323155878
-1436.6129144851657	-98.01149370172641
-1436.6129144851657	-108.19935508786503
-1436.6129144851657	-118.38721647400364
-1436.6129144851657	-128.57507786014224
-1436.6129144851657	-138.76293924628087
-1436.6129144851657	-148.9508006324195
-1436.6129144851657	-159.1386620185581
-1436.6129144851657	-169.3265234046967
-1436.6129144851657	-179.51438479083532
-1436.6129144851657	-189.70224617697394
-1436.6129144851657	-199.89010756311257
-1436.6129144851657	-210.07796894925116
-1446.8007758713043	-220.26583033538978
-1446.8007758713043	-230.4536917215284
-1436.6129144851657	-240.64155310766702
-1436.6129144851657	-250.82941449380561
-1436.6129144851657	-261.01727587994424
-1436.6129144851657	-271.20513726608283
-1436.6129144851657	-281.3929986522215
-1436.6129144851657	-291.5808600383601
-1436.6129144851657	-301.7687214244987
-1436.6129144851657	-311.9565828106373
-1436.6129144851657	-322.1444441967759
-1436.6129144851657	-332.33230558291456
-1436.6129144851657	-342.52016696905315
-1436.6129144851657	-352.70802835519174
-1436.6129144851657	-362.8958897413304
-1436.6129144851657	-373.083751127469
-1426.425053099027	-383.27161251360764
-1426.425053099027	-393.45947389974623
-1426.425053099027	-403.6473352858848
-1426.425053099027	-413.83519667202347
-1416.2371917128885	-424.02305805816206
-1416.2371917128885	-434.21091944430066
-1416.2371917128885	-444.3987808304393
-1416.2371917128885	-454.5866422165779
-1406.04933032675	-464.77450360271655
-1406.04933032675	-474.96236498885514
-1406.04933032675	-485.15022637499374
-1406.04933032675	-495.3380877611324
-1406.04933032675	-505.525949147271
-1395.8614689406113	-515.7138105334096
-1395.8614689406113	-525.9016719195482
-1385.6736075544727	-536.0895333056868
-1375.485746168334	-546.2773946918254
-1365.2978847821953	-556.465256077964
-1365.2978847821953	-566.6531174641027
-1355.1100233960567	-576.8409788502413
-1355.1100233960567	-587.0288402363799
-1344.922162009918	-597.2167016225185
-1334.7343006237795	-597.2167016225185
-1324.546439237641	-607.4045630086571
-1314.3585778515023	-607.4045630086571
-1304.1707164653637	-617.5924243947958
-1293.9828550792251	-617.5924243947958
-1283.7949936930866	-627.7802857809344
-1273.6071323069477	-627.7802857809344
-1263.4192709208091	-637.968147167073
-1253.2314095346705	-637.968147167073
-1243.043548148532	-648.1560085532116
-1232.8556867623934	-658.3438699393502
-1222.6678253762548	-658.3438699393502
-1212.4799639901162	-668.5317313254889
-1202.2921026039776	-668.5317313254889
-1192.104241217839	-678.7195927116275
-1181.9163798317004	-688.907454097766
-1181.9163798317004	-699.0953154839046
-1171.7285184455618	-709.2831768700432
-1161.540657059423	-719.4710382561818
-1161.540657059423	-729.6588996423205
-1151.3527956732844	-739.8467610284591
-1141.1649342871458	-750.0346224145977
-1130.9770729010072	-760.2224838007363
-1120.7892115148686	-770.4103451868749
-1110.60135012873	-780.5982065730136
-1110.60135012873	-790.7860679591522
-1100.4134887425914	-800.9739293452908
-1090.2256273564528	-811.1617907314294
-1090.2256273564528	-821.349652117568
-1080.0377659703142	-831.5375135037067
-1069.8499045841756	-831.5375135037067
-1059.662043198037	-841.7253748898453
-1059.662043198037	-851.9132362759839
-1049.4741818118982	-862.1010976621225
-1039.2863204257596	-862.1010976621225
-1029.098459039621	-872.2889590482611
-1018.9105976534825	-882.4768204343997
-1008.7227362673439	-892.6646818205384
-998.5348748812053	-902.852543206677
-998.5348748812053	-913.0404045928155
-988.3470134950667	-923.2282659789541
-978.1591521089281	-933.4161273650927
-967.9712907227894	-933.4161273650927
-957.7834293366508	-943.6039887512314
-947.5955679505122	-943.6039887512314
-937.4077065643736	-943.6039887512314
-927.219845178235	-953.79185013737
-917.0319837920963	-953.79185013737
-906.8441224059577	-953.79185013737
-896.6562610198191	-963.9797115235086
-886.4683996336805	-974.1675729096472
-876.2805382475419	-984.3554342957858
-866.0926768614032	-984.3554342957858
-855.9048154752646	-994.5432956819245
-845.716954089126	-994.5432956819245
-835.5290927029874	-1004.7311570680631
-825.3412313168488	-1004.7311570680631
-815.1533699307103	-1014.9190184542017
-804.9655085445715	-1025.1068798403403
-794.777647158433	-1035.294741226479
-784.5897857722944	-1045.4826026126175
-774.4019243861558	-1055.670463998756
-764.2140630000172	-1065.8583253848947
-754.0262016138785	-1076.0461867710335
-754.0262016138785	-1086.234048157172
-743.8383402277399	-1096.4219095433107
-733.6504788416013	-1106.6097709294493
-723.4626174554627	-1116.7976323155879
-713.2747560693241	-1116.7976323155879
-703.0868946831854	-1126.9854937017265
-692.8990332970468	-1137.173355087865
-682.7111719109082	-1137.173355087865
-672.5233105247696	-1147.3612164740036
-662.335449138631	-1147.3612164740036
-652.1475877524924	-1157.5490778601422
-641.9597263663537	-1157.5490778601422
-631.7718649802151	-1167.7369392462808
-621.5840035940765	-1167.7369392462808
-611.3961422079379	-1177.9248006324194
-601.2082808217993	-1177.9248006324194
-591.0204194356606	-1188.1126620185582
-580.832558049522	-1198.3005234046968
-570.6446966633835	-1208.4883847908354
-560.4568352772449	-1208.4883847908354
-550.2689738911063	-1218.676246176974
-540.0811125049676	-1218.676246176974
-529.893251118829	-1218.676246176974
-519.7053897326904	-1228.8641075631126
-509.5175283465518	-1228.8641075631126
-499.32966696041314	-1228.8641075631126
-489.14180557427454	-1239.0519689492512
-478.95394418813595	-1239.0519689492512
-468.7660828019973	-1249.2398303353898
-458.5782214158587	-1259.4276917215284
-448.3903600297201	-1269.615553107667
-438.20249864358146	-1279.8034144938056
-438.20249864358146	-1289.9912758799442
-428.01463725744287	-1300.179137266083
-417.8267758713042	-1310.3669986522216
-417.8267758713042	-1320.5548600383602
-407.6389144851656	-1330.7427214244988
-407.6389144851656	-1340.9305828106374
-397.45105309902704	-1351.118444196776
-397.45105309902704	-1361.3063055829145
-387.2631917128884	-1371.4941669690531
-377.0753303267498	-1381.6820283551917
-366.8874689406112	-1391.8698897413303
-356.69960755447255	-1402.0577511274691
-346.51174616833396	-1402.0577511274691
-336.3238847821953	-1412.2456125136077
-336.3238847821953	-1422.4334738997463
-326.1360233960567	-1432.621335285885
-315.9481620099181	-1442.8091966720235
-305.7603006237795	-1442.8091966720235
-295.5724392376409	-1452.997058058162
-285.3845778515023	-1452.997058058162
-275.19671646536364	-1452.997058058162
-265.00885507922504	-1452.997058058162
-254.82099369308642	-1463.1849194443007
-244.6331323069478	-1463.1849194443007
-234.44527092080918	-1473.3727808304393
-224.2574095346706	-1483.560642216578
-214.06954814853196	-1493.7485036027165
-203.88168676239334	-1503.936364988855
-193.69382537625472	-1514.124226374994
-183.50596399011613	-1524.3120877611325
-173.3181026039775	-1534.499949147271
-163.1302412178389	-1544.6878105334097
-152.94237983170026	-1554.8756719195483
-142.75451844556167	-1554.8756719195483
-132.56665705942305	-1565.0635333056869
-132.56665705942305	-1575.2513946918255
-122.37879567328443	-1585.439256077964
-122.37879567328443	-1595.6271174641026
-112.19093428714582	-1605.8149788502412
-112.19093428714582	-1616.0028402363798
-112.19093428714582	-1626.1907016225186
-112.19093428714582	-1636.3785630086572
-112.19093428714582	-1646.5664243947958
-102.0030729010072	-1656.7542857809344
-102.0030729010072	-1666.942147167073
-102.0030729010072	-1677.1300085532116
-91.8152115148686	-1687.3178699393502
-81.62735012872997	-1697.5057313254888
-81.62735012872997	-1707.6935927116274
-71.43948874259137	-1717.881454097766
-71.43948874259137	-1728.0693154839048
-61.251627356452744	-1738.2571768700434
-61.251627356452744	-1748.445038256182
-51.06376597031413	-1748.445038256182
-40.875904584175515	-1758.6328996423206
-30.6880431980369	-1768.8207610284592
-30.6880431980369	-1779.0086224145978
-20.500181811898287	-1789.1964838007364
-20.500181811898287	-1799.384345186875
-20.500181811898287	-1809.5722065730135
-10.312320425759674	-1819.7600679591521
-10.312320425759674	-1829.9479293452907
-10.312320425759674	-1840.1357907314296
-0.12445903962105971	-1850.3236521175681
10.063402346517554	-1860.5115135037067
20.25126373265617	-1870.6993748898453
30.439125118794784	-1870.6993748898453
40.6269865049334	-1880.887236275984
50.81484789107201	-1891.0750976621225
61.00270927721063	-1901.262959048261
71.19057066334923	-1901.262959048261
81.37843204948786	-1911.4508204343997
91.56629343562646	-1921.6386818205383
101.75415482176508	-1931.826543206677
111.94201620790369	-1942.0144045928155
122.12987759404231	-1952.2022659789543
132.31773898018093	-1962.390127365093
132.31773898018093	-1972.5779887512315
142.50560036631953	-1982.76585013737
152.69346175245815	-1992.9537115235087
152.69346175245815	-2003.1415729096473
162.88132313859677	-2013.3294342957859
173.0691845247354	-2023.5172956819245
173.0691845247354	-2033.705157068063
183.25704591087398	-2043.8930184542016
193.4449072970126	-2054.0808798403405
193.4449072970126	-2064.268741226479
203.63276868315123	-2064.268741226479
213.82063006928985	-2074.4566026126176
224.00849145542844	-2084.6444639987562
224.00849145542844	-2094.832325384895
234.19635284156706	-2105.0201867710334
234.19635284156706	-2115.208048157172
244.38421422770568	-2125.3959095433106
244.38421422770568	-2135.583770929449
254.5720756138443	-2145.771632315588
254.5720756138443	-2155.9594937017264
264.7599369999829	-2166.147355087865
264.7599369999829	-2176.3352164740036
264.7599369999829	-2186.523077860142
264.7599369999829	-2196.7109392462808
264.7599369999829	-2206.8988006324194
274.9477983861215	-2217.0866620185584
274.9477983861215	-2227.274523404697
285.1356597722601	-2237.4623847908356
295.32352115839876	-2237.4623847908356
305.51138254453735	-2247.650246176974
315.699243930676	-2247.650246176974
325.8871053168146	-2247.650246176974
336.0749667029532	-2247.650246176974
346.26282808909184	-2257.8381075631128
356.45068947523043	-2268.0259689492514
366.638550861369	-2268.0259689492514
376.8264122475077	-2278.21383033539
387.01427363364627	-2288.4016917215286
397.2021350197849	-2298.589553107667
407.3899964059235	-2308.7774144938057
407.3899964059235	-2318.9652758799443
417.5778577920621	-2329.153137266083
427.76571917820075	-2339.3409986522215
437.95358056433935	-2349.52886003836
448.14144195047794	-2359.7167214244987
458.3293033366166	-2369.9045828106373
468.5171647227552	-2380.092444196776
478.70502610889383	-2380.092444196776
488.8928874950324	-2380.092444196776
499.080748881171	-2380.092444196776
509.26861026730967	-2380.092444196776
519.4564716534483	-2390.2803055829145
529.6443330395869	-2400.468166969053
539.8321944257254	-2410.6560283551917
550.0200558118642	-2410.6560283551917
560.2079171980027	-2420.8438897413303
570.3957785841413	-2431.031751127469
580.5836399702799	-2431.031751127469
590.7715013564185	-2441.219612513608
590.7715013564185	-2451.4074738997465
600.9593627425572	-2451.4074738997465
611.1472241286958	-2461.595335285885
621.3350855148344	-2471.7831966720237
621.3350855148344	-2481.9710580581623
631.522946900973	-2492.158919444301
631.522946900973	-2502.3467808304395
641.7108082871116	-2502.3467808304395
651.8986696732502	-2512.534642216578
662.0865310593889	-2512.534642216578
672.2743924455275	-2522.7225036027166
682.4622538316661	-2522.7225036027166
692.6501152178047	-2532.9103649888552
702.8379766039433	-2532.9103649888552
713.025837990082	-2543.098226374994
723.2136993762206	-2543.098226374994
733.4015607623592	-2543.098226374994
743.5894221484978	-2543.098226374994
753.7772835346364	-2553.2860877611324
763.9651449207751	-2553.2860877611324
774.1530063069137	-2553.2860877611324
784.3408676930522	-2553.2860877611324
794.5287290791908	-2553.2860877611324
804.7165904653294	-2553.2860877611324
814.904451851468	-2553.2860877611324
825.0923132376067	-2553.2860877611324
835.2801746237453	-2553.2860877611324
845.4680360098839	-2553.2860877611324
855.6558973960225	-2553.2860877611324
865.8437587821611	-2553.2860877611324
876.0316201682998	-2543.098226374994
886.2194815544384	-2532.9103649888552
896.407342940577	-2532.9103649888552
906.5952043267156	-2522.7225036027166
916.7830657128542	-2522.7225036027166
926.9709270989929	-2512.534642216578
937.1587884851315	-2512.534642216578
947.3466498712701	-2502.3467808304395
957.5345112574087	-2492.158919444301
967.7223726435473	-2492.158919444301
977.9102340296859	-2481.9710580581623
988.0980954158246	-2471.7831966720237
988.0980954158246	-2461.595335285885
998.2859568019632	-2451.4074738997465
998.2859568019632	-2441.219612513608
998.2859568019632	-2431.031751127469
998.2859568019632	-2420.8438897413303
998.2859568019632	-2410.6560283551917
998.2859568019632	-2400.468166969053
998.2859568019632	-2390.2803055829145
998.2859568019632	-2380.092444196776
998.2859568019632	-2369.9045828106373
998.2859568019632	-2359.7167214244987
998.2859568019632	-2349.52886003836
1008.4738181881017	-2339.3409986522215
1008.4738181881017	-2329.153137266083
1008.4738181881017	-2318.9652758799443
1008.4738181881017	-2308.7774144938057
1008.4738181881017	-2298.589553107667
1018.6616795742403	-2288.4016917215286
1018.6616795742403	-2278.21383033539
1018.6616795742403	-2268.0259689492514
1028.849540960379	-2257.8381075631128
1028.849540960379	-2247.650246176974
1028.849540960379	-2237.4623847908356
1039.0374023465176	-2227.274523404697
1039.0374023465176	-2217.0866620185584
1049.2252637326562	-2206.8988006324194
1049.2252637326562	-2196.7109392462808
1049.2252637326562	-2186.523077860142
1039.0374023465176	-2176.3352164740036
1039.0374023465176	-2166.147355087865
1039.0374023465176	-2155.9594937017264
1039.0374023465176	-2145.771632315588
1039.0374023465176	-2135.583770929449
1039.0374023465176	-2125.3959095433106
1039.0374023465176	-2115.208048157172
1039.0374023465176	-2105.0201867710334
1039.0374023465176	-2094.832325384895
1039.0374023465176	-2084.6444639987562
1049.2252637326562	-2074.4566026126176
1049.2252637326562	-2064.268741226479
1049.2252637326562	-2054.0808798403405
1049.2252637326562	-2043.8930184542016
1049.2252637326562	-2033.705157068063
1049.2252637326562	-2023.5172956819245
1049.2252637326562	-2013.3294342957859
1049.2252637326562	-2003.1415729096473
1049.2252637326562	-1992.9537115235087
1049.2252637326562	-1982.76585013737
1049.2252637326562	-1972.5779887512315
1049.2252637326562	-1962.390127365093
1049.2252637326562	-1952.2022659789543
1039.0374023465176	-1942.0144045928155
1039.0374023465176	-1931.826543206677
1039.0374023465176	-1921.6386818205383
1039.0374023465176	-1911.4508204343997
1039.0374023465176	-1901.262959048261
1039.0374023465176	-1891.0750976621225
1039.0374023465176	-1880.887236275984
1039.0374023465176	-1870.6993748898453
1039.0374023465176	-1860.5115135037067
1039.0374023465176	-1850.3236521175681
1039.0374023465176	-1840.1357907314296
1039.0374023465176	-1829.9479293452907
1039.0374023465176	-1819.7600679591521
1039.0374023465176	-1809.5722065730135
1039.0374023465176	-1799.384345186875
1028.849540960379	-1789.1964838007364
1039.0374023465176	-1779.0086224145978
1028.849540960379	-1768.8207610284592
1039.0374023465176	-1758.6328996423206
1039.0374023465176	-1748.445038256182
1039.0374023465176	-1738.2571768700434
1039.0374023465176	-1728.0693154839048
1039.0374023465176	-1717.881454097766
1039.0374023465176	-1707.6935927116274
1039.0374023465176	-1697.5057313254888
1039.0374023465176	-1687.3178699393502
1039.0374023465176	-1677.1300085532116
1039.0374023465176	-1666.942147167073
1039.0374023465176	-1656.7542857809344
1039.0374023465176	-1646.5664243947958
1049.2252637326562	-1636.3785630086572
1049.2252637326562	-1626.1907016225186
1049.2252637326562	-1616.0028402363798
1049.2252637326562	-1605.8149788502412
1049.2252637326562	-1595.6271174641026
1049.2252637326562	-1585.439256077964
1059.4131251187948	-1575.2513946918255
1059.4131251187948	-1565.0635333056869
1059.4131251187948	-1554.8756719195483
1059.4131251187948	-1544.6878105334097
1069.6009865049334	-1534.499949147271
1069.6009865049334	-1524.3120877611325
1059.4131251187948	-1514.124226374994
1059.4131251187948	-1503.936364988855
1059.4131251187948	-1493.7485036027165
1049.2252637326562	-1483.560642216578
1039.0374023465176	-1473.3727808304393
1028.849540960379	-1463.1849194443007
1028.849540960379	-1452.997058058162
1028.849540960379	-1442.8091966720235
1028.849540960379	-1432.621335285885
1028.849540960379	-1422.4334738997463
1028.849540960379	-1412.2456125136077
1028.849540960379	-1402.0577511274691
1028.849540960379	-1391.8698897413303
1028.849540960379	-1381.6820283551917
1028.849540960379	-1371.4941669690531
1039.0374023465176	-1361.3063055829145
1039.0374023465176	-1351.118444196776
1028.849540960379	-1340.9305828106374
1018.6616795742403	-1330.7427214244988
1018.6616795742403	-1320.5548600383602
1028.849540960379	-1310.3669986522216
1018.6616795742403	-1300.179137266083
1018.6616795742403	-1289.9912758799442
1018.6616795742403	-1279.8034144938056
1018.6616795742403	-1269.615553107667
1008.4738181881017	-1259.4276917215284
1008.4738181881017	-1249.2398303353898
1008.4738181881017	-1239.0519689492512
1008.4738181881017	-1228.8641075631126
1008.4738181881017	-1218.676246176974
1008.4738181881017	-1208.4883847908354
1008.4738181881017	-1198.3005234046968
1008.4738181881017	-1188.1126620185582
998.2859568019632	-1177.9248006324194
998.2859568019632	-1167.7369392462808
998.2859568019632	-1157.5490778601422
998.2859568019632	-1147.3612164740036
1008.4738181881017	-1137.173355087865
998.2859568019632	-1126.9854937017265
1008.4738181881017	-1116.7976323155879
1008.4738181881017	-1106.6097709294493
998.2859568019632	-1096.4219095433107
998.2859568019632	-1086.234048157172
998.2859568019632	-1076.0461867710335
1008.4738181881017	-1065.8583253848947
1008.4738181881017	-1055.670463998756
1008.4738181881017	-1045.4826026126175
1008.4738181881017	-1035.294741226479
1008.4738181881017	-1025.1068798403403
1018.6616795742403	-1014.9190184542017
1018.6616795742403	-1004.7311570680631
1008.4738181881017	-994.5432956819245
1008.4738181881017	-984.3554342957858
1008.4738181881017	-974.1675729096472
1008.4738181881017	-963.9797115235086
1008.4738181881017	-953.79185013737
1008.4738181881017	-943.6039887512314
1018.6616795742403	-933.4161273650927
1018.6616795742403	-923.2282659789541
1028.849540960379	-913.0404045928155
1028.849540960379	-902.852543206677
1028.849540960379	-892.6646818205384
1039.0374023465176	-882.4768204343997
1049.2252637326562	-872.2889590482611
1059.4131251187948	-862.1010976621225
1059.4131251187948	-851.9132362759839
1059.4131251187948	-841.7253748898453
1069.6009865049334	-831.5375135037067
1069.6009865049334	-821.349652117568
1079.788847891072	-811.1617907314294
1079.788847891072	-800.9739293452908
1089.9767092772106	-790.7860679591522
1089.9767092772106	-780.5982065730136
1089.9767092772106	-770.4103451868749
1089.9767092772106	-760.2224838007363
1079.788847891072	-750.0346224145977
1079.788847891072	-739.8467610284591
1079.788847891072	-729.6588996423205
1079.788847891072	-719.4710382561818
1069.6009865049334	-709.2831768700432
1069.6009865049334	-699.0953154839046
1069.6009865049334	-688.907454097766
1069.6009865049334	-678.7195927116275
1079.788847891072	-668.5317313254889
1079.788847891072	-658.3438699393502
1089.9767092772106	-648.1560085532116
1089.9767092772106	-637.968147167073
1089.9767092772106	-627.7802857809344
1089.9767092772106	-617.5924243947958
1089.9767092772106	-607.4045630086571
1089.9767092772106	-597.2167016225185
1089.9767092772106	-587.0288402363799
1089.9767092772106	-576.8409788502413
1089.9767092772106	-566.6531174641027
1089.9767092772106	-556.465256077964
1089.9767092772106	-546.2773946918254
1089.9767092772106	-536.0895333056868
1089.9767092772106	-525.9016719195482
1079.788847891072	-515.7138105334096
1079.788847891072	-505.525949147271
1079.788847891072	-495.3380877611324
1079.788847891072	-485.15022637499374
1079.788847891072	-474.96236498885514
1079.788847891072	-464.77450360271655
1079.788847891072	-454.5866422165779
1079.788847891072	-444.3987808304393
1089.9767092772106	-434.21091944430066
1089.9767092772106	-424.02305805816206
1100.1645706633492	-413.83519667202347
1100.1645706633492	-403.6473352858848
1100.1645706633492	-393.45947389974623
1100.1645706633492	-383.27161251360764
1089.9767092772106	-373.083751127469
1089.9767092772106	-362.8958897413304
1079.788847891072	-352.70802835519174
1079.788847891072	-342.52016696905315
1079.788847891072	-332.33230558291456
1079.788847891072	-322.1444441967759
1079.788847891072	-311.9565828106373
1079.788847891072	-301.7687214244987
1079.788847891072	-291.5808600383601
1079.788847891072	-281.3929986522215
1079.788847891072	-271.20513726608283
1069.6009865049334	-261.01727587994424
1069.6009865049334	-250.82941449380561
1079.788847891072	-240.64155310766702
1079.788847891072	-230.4536917215284
1079.788847891072	-220.26583033538978
1079.788847891072	-210.07796894925116
1079.788847891072	-199.89010756311257
1079.788847891072	-189.70224617697394
1079.788847891072	-179.51438479083532
1079.788847891072	-169.3265234046967
1089.9767092772106	-159.1386620185581
1089.9767092772106	-148.9508006324195
1089.9767092772106	-138.76293924628087
1089.9767092772106	-128.57507786014224
1100.1645706633492	-118.38721647400364
1100.1645706633492	-108.19935508786503
1100.1645706633492	-98.01149370172641
1100.1645706633492	-87.8236323155878
1100.1645706633492	-77.63577092944918
1110.3524320494878	-67.44790954331057
1110.3524320494878	-57.26004815717195
1110.3524320494878	-47.07218677103334
1120.5402934356266	-36.88432538489472
1120.5402934356266	-26.69646399875611
1120.5402934356266	-16.508602612617494
1130.7281548217652	-6.320741226478881
1130.7281548217652	3.867120159659733
1140.9160162079038	14.054981545798347
1140.9160162079038	24.242842931936963
1151.1038775940424	34.43070431807558
1161.291738980181	44.61856570421419
1161.291738980181	54.806427090352805
1171.4796003663196	64.99428847649142
1171.4796003663196	75.18214986263003
1181.6674617524582	85.37001124876865
1181.6674617524582	95.55787263490726
1191.8553231385968	105.74573402104588
1191.8553231385968	115.93359540718448
1191.8553231385968	126.1214567933231
1191.8553231385968	136.3093181794617
1202.0431845247354	146.49717956560033
1202.0431845247354	156.68504095173896
1212.231045910874	166.87290233787755
1222.4189072970125	177.06076372401617
1232.6067686831514	187.2486251101548
1242.79463006929	197.4364864962934
1252.9824914554285	207.624347882432
1252.9824914554285	217.81220926857063
1252.9824914554285	228.00007065470925
1263.1703528415671	238.18793204084787
1263.1703528415671	248.37579342698646
1252.9824914554285	258.5636548131251
1252.9824914554285	268.7515161992637
1252.9824914554285	278.9393775854023
1252.9824914554285	289.1272389715409
1252.9824914554285	299.31510035767957
1252.9824914554285	309.50296174381816
1252.9824914554285	319.69082312995675
1242.79463006929	329.8786845160954
1242.79463006929	340.066545902234
1252.9824914554285	350.2544072883726
1252.9824914554285	360.44226867451124
1252.9824914554285	370.63013006064983
1252.9824914554285	380.8179914467885
1263.1703528415671	391.0058528329271
1263.1703528415671	401.19371421906567
1273.3582142277057	411.3815756052043
1273.3582142277057	421.5694369913429
1283.5460756138443	431.7572983774815
1283.5460756138443	441.94515976362015
1283.5460756138443	452.13302114975875
1283.5460756138443	462.3208825358974
1273.3582142277057	472.508743922036
1273.3582142277057	482.6966053081746
1273.3582142277057	492.88446669431323
1273.3582142277057	503.0723280804518
1263.1703528415671	513.2601894665904
1263.1703528415671	523.448050852729
1263.1703528415671	533.6359122388677
1263.1703528415671	543.8237736250063
1273.3582142277057	554.0116350111449
1273.3582142277057	564.1994963972835
1273.3582142277057	574.3873577834221
1273.3582142277057	584.5752191695608
1273.3582142277057	594.7630805556994
1283.5460756138443	604.950941941838
1283.5460756138443	615.1388033279766
1283.5460756138443	625.3266647141152
1283.5460756138443	635.5145261002538
1283.5460756138443	645.7023874863925
1283.5460756138443	655.8902488725311
1273.3582142277057	666.0781102586697
1273.3582142277057	676.2659716448082
1263.1703528415671	686.4538330309468
1263.1703528415671	696.6416944170855
1263.1703528415671	706.8295558032241
1252.9824914554285	717.0174171893627
1242.79463006929	727.2052785755013
1242.79463006929	737.3931399616399
1242.79463006929	747.5810013477786
1232.6067686831514	757.7688627339172
1232.6067686831514	767.9567241200558
1232.6067686831514	778.1445855061944
1232.6067686831514	788.332446892333
1222.4189072970125	798.5203082784716
1222.4189072970125	808.7081696646103
1222.4189072970125	818.8960310507489
1222.4189072970125	829.0838924368875
1222.4189072970125	839.2717538230261
1222.4189072970125	849.4596152091647
1222.4189072970125	859.6474765953034
1212.231045910874	869.835337981442
1212.231045910874	880.0231993675806
1202.0431845247354	890.2110607537192
1202.0431845247354	900.3989221398577
1191.8553231385968	910.5867835259965
1191.8553231385968	920.774644912135
1191.8553231385968	930.9625062982736
1191.8553231385968	941.1503676844122
1181.6674617524582	951.3382290705508
1181.6674617524582	961.5260904566894
1181.6674617524582	971.7139518428281
1171.4796003663196	981.9018132289667
1171.4796003663196	992.0896746151053
1161.291738980181	1002.2775360012439
1161.291738980181	1012.4653973873825
1161.291738980181	1022.6532587735212
1151.1038775940424	1032.8411201596598
1151.1038775940424	1043.0289815457984
1151.1038775940424	1053.216842931937
1140.9160162079038	1063.4047043180756
1140.9160162079038	1073.5925657042142
1140.9160162079038	1083.7804270903528
1140.9160162079038	1093.9682884764914
1140.9160162079038	1104.1561498626302
1140.9160162079038	1114.3440112487688
1130.7281548217652	1124.5318726349074
1130.7281548217652	1134.719734021046
1120.5402934356266	1144.9075954071845
1120.5402934356266	1155.0954567933231
1120.5402934356266	1165.2833181794617
1120.5402934356266	1175.4711795656003
1120.5402934356266	1185.659040951739
1110.3524320494878	1195.8469023378775
1110.3524320494878	1206.034763724016
1110.3524320494878	1216.222625110155
1100.1645706633492	1226.4104864962935
1100.1645706633492	1236.598347882432
1089.9767092772106	1246.7862092685707
1089.9767092772106	1256.9740706547093
1089.9767092772106	1267.161932040848
1079.788847891072	1277.3497934269865
1079.788847891072	1287.537654813125
1069.6009865049334	1297.7255161992637
1069.6009865049334	1307.9133775854023
1069.6009865049334	1318.101238971541
1069.6009865049334	1328.2891003576797
1069.6009865049334	1338.4769617438183
1069.6009865049334	1348.6648231299569
1079.788847891072	1358.8526845160955
1089.9767092772106	1369.040545902234
1089.9767092772106	1379.2284072883726
1089.9767092772106	1389.4162686745112
1089.9767092772106	1399.6041300606498
1079.788847891072	1409.7919914467884
1069.6009865049334	1419.979852832927
1059.4131251187948	1430.1677142190658
1049.2252637326562	1430.1677142190658
1039.0374023465176	1430.1677142190658
1028.849540960379	1430.1677142190658
1018.6616795742403	1440.3555756052044
1008.4738181881017	1440.3555756052044
998.2859568019632	1440.3555756052044
988.0980954158246	1440.3555756052044
977.9102340296859	1440.3555756052044
967.7223726435473	1450.543436991343
957.5345112574087	1450.543436991343
947.3466498712701	1460.7312983774816
937.1587884851315	1460.7312983774816
926.9709270989929	1470.9191597636202
916.7830657128542	1470.9191597636202
906.5952043267156	1481.1070211497588
896.407342940577	1491.2948825358974
886.2194815544384	1491.2948825358974
876.0316201682998	1501.482743922036
865.8437587821611	1501.482743922036
855.6558973960225	1511.6706053081746
845.4680360098839	1511.6706053081746
835.2801746237453	1511.6706053081746
825.0923132376067	1521.8584666943132
814.904451851468	1521.8584666943132
804.7165904653294	1532.0463280804518
794.5287290791908	1532.0463280804518
784.3408676930522	1542.2341894665906
774.1530063069137	1552.4220508527292
763.9651449207751	1562.6099122388678
753.7772835346364	1562.6099122388678
743.5894221484978	1572.7977736250064
733.4015607623592	1572.7977736250064
723.2136993762206	1582.985635011145
713.025837990082	1582.985635011145
702.8379766039433	1582.985635011145
692.6501152178047	1593.1734963972835
682.4622538316661	1593.1734963972835
672.2743924455275	1593.1734963972835
662.0865310593889	1603.3613577834221
651.8986696732502	1613.5492191695607
641.7108082871116	1623.7370805556993
631.522946900973	1623.7370805556993
621.3350855148344	1633.924941941838
621.3350855148344	1644.1128033279767
611.1472241286958	1644.1128033279767
600.9593627425572	1654.3006647141153
590.7715013564185	1664.488526100254
580.5836399702799	1674.6763874863925
580.5836399702799	1684.864248872531
570.3957785841413	1684.864248872531
560.2079171980027	1684.864248872531
550.0200558118642	1684.864248872531
539.8321944257254	1684.864248872531
529.6443330395869	1695.0521102586697
519.4564716534483	1695.0521102586697
509.26861026730967	1705.2399716448083
499.080748881171	1715.4278330309469
488.8928874950324	1715.4278330309469
478.70502610889383	1725.6156944170855
468.5171647227552	1735.803555803224
458.3293033366166	1745.9914171893627
448.14144195047794	1756.1792785755015
437.95358056433935	1766.36713996164
437.95358056433935	1776.5550013477787
427.76571917820075	1786.7428627339173
417.5778577920621	1796.9307241200559
407.3899964059235	1807.1185855061944
397.2021350197849	1817.306446892333
387.01427363364627	1827.4943082784716
376.8264122475077	1827.4943082784716
366.638550861369	1837.6821696646102
356.45068947523043	1847.8700310507488
346.26282808909184	1858.0578924368874
336.0749667029532	1868.2457538230262
325.8871053168146	1868.2457538230262
315.699243930676	1878.4336152091648
305.51138254453735	1888.6214765953034
305.51138254453735	1898.809337981442
295.32352115839876	1898.809337981442
285.1356597722601	1908.9971993675806
274.9477983861215	1919.1850607537192
264.7599369999829	1929.3729221398578
254.5720756138443	1939.5607835259964
244.38421422770568	1949.748644912135
234.19635284156706	1959.9365062982736
224.00849145542844	1970.1243676844124
213.82063006928985	1980.312229070551
203.63276868315123	1990.5000904566896
193.4449072970126	1990.5000904566896
183.25704591087398	2000.6879518428282
173.0691845247354	2000.6879518428282
162.88132313859677	2010.8758132289668
152.69346175245815	2010.8758132289668
142.50560036631953	2021.0636746151054
132.31773898018093	2021.0636746151054
122.12987759404231	2031.251536001244
111.94201620790369	2031.251536001244
101.75415482176508	2041.4393973873825
91.56629343562646	2041.4393973873825
81.37843204948786	2051.627258773521
71.19057066334923	2061.8151201596597
61.00270927721063	2072.0029815457983
50.81484789107201	2072.0029815457983
40.6269865049334	2082.190842931937
30.439125118794784	2082.190842931937
20.25126373265617	2082.190842931937
10.063402346517554	2092.3787043180755
-0.12445903962105971	2092.3787043180755
-10.312320425759674	2092.3787043180755
-20.500181811898287	2092.3787043180755
-30.6880431980369	2092.3787043180755
-40.875904584175515	2092.3787043180755
-51.06376597031413	2092.3787043180755
-61.251627356452744	2102.566565704214
-71.43948874259137	2102.566565704214
-81.62735012872997	2102.566565704214
-91.8152115148686	2102.566565704214
-102.0030729010072	2102.566565704214
-112.19093428714582	2112.7544270903527
-122.37879567328443	2122.9422884764913
-132.56665705942305	2122.9422884764913
-142.75451844556167	2133.1301498626303
-152.94237983170026	2143.318011248769
-152.94237983170026	2153.5058726349075
-163.1302412178389	2163.693734021046
-173.3181026039775	2173.8815954071847
-183.50596399011613	2173.8815954071847
-193.69382537625472	2184.0694567933233
-203.88168676239334	2184.0694567933233
-214.06954814853196	2194.257318179462
-224.2574095346706	2194.257318179462
-234.44527092080918	2204.4451795656005
-244.6331323069478	2204.4451795656005
-254.82099369308642	2204.4451795656005
-265.00885507922504	2204.4451795656005
-275.19671646536364	2214.633040951739
-285.3845778515023	2224.8209023378777
-295.5724392376409	2235.0087637240163
-305.7603006237795	2245.196625110155
-305.7603006237795	2255.3844864962934
-315.9481620099181	2265.572347882432
-326.1360233960567	2275.7602092685706
-336.3238847821953	2285.948070654709
-346.51174616833396	2296.135932040848
-356.69960755447255	2306.3237934269864
-366.8874689406112	2316.511654813125
