# particle morphology
# using file: 07-05X-H.png
#
#x/µm	y/µm
-65.45227972464961	1138.3825686144203
-74.6842007300356	1129.1506476090342
-83.9161217354216	1129.1506476090342
-93.1480427408076	1119.9187266036483
-102.3799637461936	1119.9187266036483
-111.6118847515796	1110.6868055982623
-120.8438057569656	1110.6868055982623
-130.0757267623516	1110.6868055982623
-139.3076477677376	1110.6868055982623
-148.5395687731236	1110.6868055982623
-157.7714897785096	1119.9187266036483
-167.0034107838956	1119.9187266036483
-176.2353317892816	1119.9187266036483
-185.46725279466756	1119.9187266036483
-194.69917380005356	1119.9187266036483
-203.93109480543956	1119.9187266036483
-213.16301581082556	1110.6868055982623
-222.39493681621155	1110.6868055982623
-231.62685782159755	1101.4548845928762
-240.85877882698355	1101.4548845928762
-250.09069983236955	1092.2229635874903
-259.32262083775555	1092.2229635874903
-268.5545418431415	1082.9910425821042
-277.78646284852755	1082.9910425821042
-287.0183838539135	1073.7591215767184
-296.25030485929955	1073.7591215767184
-305.4822258646855	1073.7591215767184
-314.71414687007154	1064.5272005713323
-323.9460678754575	1064.5272005713323
-333.17798888084354	1064.5272005713323
-342.4099098862295	1064.5272005713323
-351.64183089161554	1064.5272005713323
-360.8737518970015	1055.2952795659462
-370.10567290238754	1055.2952795659462
-379.3375939077735	1046.0633585605603
-388.56951491315954	1046.0633585605603
-397.8014359185455	1046.0633585605603
-407.0333569239315	1036.8314375551743
-416.2652779293175	1036.8314375551743
-425.4971989347035	1036.8314375551743
-434.7291199400895	1027.5995165497884
-443.9610409454755	1027.5995165497884
-453.1929619508615	1027.5995165497884
-462.4248829562475	1027.5995165497884
-471.6568039616335	1018.3675955444023
-480.88872496701947	1018.3675955444023
-490.1206459724055	1009.1356745390163
-499.35256697779147	1009.1356745390163
-508.5844879831775	999.9037535336303
-508.5844879831775	990.6718325282443
-517.8164089885635	981.4399115228583
-527.0483299939494	981.4399115228583
-536.2802509993355	972.2079905174724
-545.5121720047215	962.9760695120863
-554.7440930101075	962.9760695120863
-563.9760140154934	962.9760695120863
-573.2079350208794	962.9760695120863
-582.4398560262655	962.9760695120863
-591.6717770316515	953.7441485067003
-600.9036980370374	944.5122275013143
-610.1356190424234	935.2803064959284
-619.3675400478095	935.2803064959284
-628.5994610531955	926.0483854905423
-637.8313820585814	916.8164644851563
-637.8313820585814	907.5845434797703
-647.0633030639674	898.3526224743844
-656.2952240693535	889.1207014689983
-656.2952240693535	879.8887804636123
-665.5271450747395	870.6568594582263
-674.7590660801254	861.4249384528404
-683.9909870855114	852.1930174474544
-693.2229080908975	842.9610964420683
-702.4548290962834	833.7291754366823
-711.6867501016694	824.4972544312964
-720.9186711070554	815.2653334259104
-730.1505921124414	806.0334124205243
-730.1505921124414	796.8014914151383
-730.1505921124414	787.5695704097524
-739.3825131178274	778.3376494043664
-748.6144341232134	769.1057283989803
-748.6144341232134	759.8738073935943
-757.8463551285994	750.6418863882084
-767.0782761339854	741.4099653828224
-776.3101971393714	732.1780443774364
-785.5421181447574	722.9461233720504
-794.7740391501434	713.7142023666644
-794.7740391501434	704.4822813612784
-804.0059601555294	695.2503603558924
-804.0059601555294	686.0184393505064
-813.2378811609154	676.7865183451204
-822.4698021663014	667.5545973397344
-831.7017231716874	658.3226763343484
-840.9336441770733	649.0907553289624
-840.9336441770733	639.8588343235764
-850.1655651824593	630.6269133181904
-859.3974861878454	621.3949923128044
-868.6294071932314	612.1630713074184
-877.8613281986173	602.9311503020324
-877.8613281986173	593.6992292966464
-877.8613281986173	584.4673082912605
-877.8613281986173	575.2353872858745
-887.0932492040033	566.0034662804884
-887.0932492040033	556.7715452751024
-887.0932492040033	547.5396242697165
-887.0932492040033	538.3077032643305
-887.0932492040033	529.0757822589444
-896.3251702093894	519.8438612535584
-896.3251702093894	510.61194024817246
-905.5570912147754	501.38001924278643
-905.5570912147754	492.14809823740046
-905.5570912147754	482.91617723201443
-914.7890122201613	473.68425622662846
-924.0209332255473	464.45233522124244
-924.0209332255473	455.22041421585647
-933.2528542309334	445.98849321047044
-942.4847752363194	436.75657220508447
-951.7166962417053	427.5246511996985
-960.9486172470913	418.29273019431247
-960.9486172470913	409.0608091889265
-970.1805382524774	399.82888818354047
-979.4124592578634	390.5969671781545
-988.6443802632493	381.3650461727685
-988.6443802632493	372.1331251673825
-988.6443802632493	362.9012041619965
-997.8763012686353	353.6692831566105
-997.8763012686353	344.4373621512245
-997.8763012686353	335.2054411458385
-1007.1082222740213	325.9735201404525
-1016.3401432794074	316.7415991350665
-1016.3401432794074	307.5096781296805
-1025.5720642847932	298.2777571242945
-1034.8039852901793	298.2777571242945
-1034.8039852901793	289.04583611890854
-1044.0359062955654	279.8139151135225
-1053.2678273009512	270.58199410813654
-1062.4997483063373	261.3500731027505
-1071.7316693117234	261.3500731027505
-1080.9635903171093	252.11815209736451
-1080.9635903171093	242.88623109197852
-1090.1955113224953	233.65431008659252
-1099.4274323278812	224.42238908120652
-1099.4274323278812	215.19046807582055
-1099.4274323278812	205.95854707043455
-1108.6593533332673	196.72662606504855
-1117.8912743386534	187.49470505966255
-1117.8912743386534	178.26278405427655
-1117.8912743386534	169.03086304889055
-1127.1231953440392	159.79894204350455
-1136.3551163494253	150.56702103811855
-1145.5870373548112	141.33510003273256
-1154.8189583601973	132.10317902734656
-1164.0508793655833	122.87125802196056
-1164.0508793655833	113.63933701657456
-1173.2828003709692	104.40741601118857
-1182.5147213763553	95.17549500580257
-1182.5147213763553	85.94357400041658
-1191.7466423817414	76.71165299503058
-1191.7466423817414	67.47973198964458
-1191.7466423817414	58.24781098425858
-1200.9785633871272	49.015889978872586
-1200.9785633871272	39.78396897348659
-1200.9785633871272	30.552047968100588
-1200.9785633871272	21.320126962714593
-1210.2104843925133	12.088205957328594
-1210.2104843925133	2.8562849519425972
-1219.4424053978992	-6.3756360534434
-1219.4424053978992	-15.607557058829398
-1228.6743264032852	-24.839478064215395
-1237.9062474086713	-34.07139906960139
-1237.9062474086713	-43.30332007498739
-1247.1381684140572	-52.53524108037339
-1247.1381684140572	-61.76716208575938
-1247.1381684140572	-70.99908309114538
-1256.3700894194433	-80.23100409653138
-1256.3700894194433	-89.46292510191738
-1265.6020104248294	-98.69484610730338
-1274.8339314302152	-107.92676711268938
-1284.0658524356013	-117.15868811807536
-1293.2977734409872	-126.39060912346136
-1293.2977734409872	-135.62253012884736
-1302.5296944463732	-144.85445113423336
-1311.7616154517593	-154.08637213961936
-1311.7616154517593	-163.31829314500536
-1311.7616154517593	-172.55021415039135
-1311.7616154517593	-181.78213515577735
-1302.5296944463732	-191.01405616116335
-1302.5296944463732	-200.24597716654935
-1302.5296944463732	-209.47789817193535
-1293.2977734409872	-218.70981917732135
-1293.2977734409872	-227.94174018270732
-1293.2977734409872	-237.17366118809332
-1284.0658524356013	-246.40558219347932
-1284.0658524356013	-255.63750319886532
-1284.0658524356013	-264.86942420425135
-1274.8339314302152	-274.1013452096373
-1265.6020104248294	-283.33326621502334
-1265.6020104248294	-292.5651872204093
-1265.6020104248294	-301.7971082257953
-1265.6020104248294	-311.0290292311813
-1256.3700894194433	-320.2609502365673
-1256.3700894194433	-329.4928712419533
-1247.1381684140572	-338.7247922473393
-1247.1381684140572	-347.9567132527253
-1237.9062474086713	-357.1886342581113
-1237.9062474086713	-366.4205552634973
-1228.6743264032852	-375.6524762688833
-1219.4424053978992	-384.8843972742693
-1219.4424053978992	-394.1163182796553
-1219.4424053978992	-403.3482392850413
-1210.2104843925133	-412.5801602904273
-1200.9785633871272	-421.8120812958133
-1191.7466423817414	-431.04400230119927
-1182.5147213763553	-440.2759233065853
-1173.2828003709692	-449.50784431197127
-1164.0508793655833	-458.73976531735724
-1154.8189583601973	-458.73976531735724
-1145.5870373548112	-467.97168632274327
-1145.5870373548112	-477.20360732812924
-1136.3551163494253	-477.20360732812924
-1127.1231953440392	-486.43552833351526
-1117.8912743386534	-495.66744933890124
-1117.8912743386534	-504.89937034428726
-1108.6593533332673	-514.1312913496732
-1108.6593533332673	-523.3632123550592
-1099.4274323278812	-532.5951333604453
-1099.4274323278812	-541.8270543658313
-1099.4274323278812	-551.0589753712172
-1099.4274323278812	-560.2908963766032
-1099.4274323278812	-569.5228173819893
-1099.4274323278812	-578.7547383873753
-1099.4274323278812	-587.9866593927612
-1090.1955113224953	-597.2185803981472
-1080.9635903171093	-606.4505014035332
-1071.7316693117234	-606.4505014035332
-1062.4997483063373	-615.6824224089193
-1062.4997483063373	-624.9143434143052
-1053.2678273009512	-634.1462644196912
-1053.2678273009512	-643.3781854250772
-1044.0359062955654	-652.6101064304632
-1034.8039852901793	-661.8420274358492
-1025.5720642847932	-671.0739484412352
-1025.5720642847932	-680.3058694466212
-1016.3401432794074	-689.5377904520072
-1007.1082222740213	-689.5377904520072
-997.8763012686353	-698.7697114573932
-988.6443802632493	-708.0016324627792
-988.6443802632493	-717.2335534681652
-988.6443802632493	-726.4654744735512
-979.4124592578634	-726.4654744735512
-970.1805382524774	-735.6973954789372
-960.9486172470913	-735.6973954789372
-951.7166962417053	-744.9293164843232
-942.4847752363194	-744.9293164843232
-933.2528542309334	-754.1612374897092
-933.2528542309334	-763.3931584950951
-924.0209332255473	-772.6250795004812
-914.7890122201613	-781.8570005058672
-905.5570912147754	-791.0889215112531
-896.3251702093894	-800.3208425166391
-887.0932492040033	-809.5527635220252
-877.8613281986173	-809.5527635220252
-868.6294071932314	-818.7846845274112
-859.3974861878454	-818.7846845274112
-850.1655651824593	-818.7846845274112
-840.9336441770733	-828.0166055327971
-831.7017231716874	-828.0166055327971
-822.4698021663014	-828.0166055327971
-813.2378811609154	-828.0166055327971
-804.0059601555294	-837.2485265381831
-794.7740391501434	-837.2485265381831
-785.5421181447574	-846.4804475435692
-776.3101971393714	-846.4804475435692
-767.0782761339854	-855.7123685489552
-767.0782761339854	-864.9442895543411
-757.8463551285994	-874.1762105597271
-748.6144341232134	-883.4081315651132
-739.3825131178274	-892.6400525704992
-730.1505921124414	-901.8719735758851
-720.9186711070554	-911.1038945812711
-711.6867501016694	-920.3358155866571
-711.6867501016694	-929.5677365920432
-711.6867501016694	-938.7996575974291
-702.4548290962834	-938.7996575974291
-693.2229080908975	-938.7996575974291
-683.9909870855114	-948.0315786028151
-674.7590660801254	-948.0315786028151
-665.5271450747395	-948.0315786028151
-656.2952240693535	-948.0315786028151
-647.0633030639674	-957.2634996082011
-637.8313820585814	-957.2634996082011
-628.5994610531955	-966.4954206135872
-619.3675400478095	-966.4954206135872
-610.1356190424234	-966.4954206135872
-600.9036980370374	-975.7273416189731
-591.6717770316515	-975.7273416189731
-582.4398560262655	-975.7273416189731
-573.2079350208794	-984.9592626243591
-563.9760140154934	-984.9592626243591
-554.7440930101075	-994.1911836297451
-545.5121720047215	-1003.4231046351312
-536.2802509993355	-1003.4231046351312
-527.0483299939494	-1012.6550256405171
-517.8164089885635	-1012.6550256405171
-508.5844879831775	-1021.8869466459031
-499.35256697779147	-1021.8869466459031
-490.1206459724055	-1021.8869466459031
-480.88872496701947	-1021.8869466459031
-471.6568039616335	-1021.8869466459031
-462.4248829562475	-1021.8869466459031
-453.1929619508615	-1012.6550256405171
-443.9610409454755	-1012.6550256405171
-434.7291199400895	-1012.6550256405171
-425.4971989347035	-1012.6550256405171
-416.2652779293175	-1012.6550256405171
-407.0333569239315	-1012.6550256405171
-397.8014359185455	-1003.4231046351312
-388.56951491315954	-1003.4231046351312
-379.3375939077735	-1003.4231046351312
-370.10567290238754	-994.1911836297451
-360.8737518970015	-984.9592626243591
-351.64183089161554	-975.7273416189731
-342.4099098862295	-975.7273416189731
-333.17798888084354	-975.7273416189731
-323.9460678754575	-975.7273416189731
-314.71414687007154	-975.7273416189731
-305.4822258646855	-975.7273416189731
-296.25030485929955	-966.4954206135872
-287.0183838539135	-966.4954206135872
-277.78646284852755	-966.4954206135872
-268.5545418431415	-966.4954206135872
-259.32262083775555	-966.4954206135872
-250.09069983236955	-966.4954206135872
-240.85877882698355	-966.4954206135872
-231.62685782159755	-966.4954206135872
-222.39493681621155	-966.4954206135872
-213.16301581082556	-966.4954206135872
-203.93109480543956	-966.4954206135872
-194.69917380005356	-966.4954206135872
-185.46725279466756	-975.7273416189731
-176.2353317892816	-975.7273416189731
-167.0034107838956	-975.7273416189731
-157.7714897785096	-984.9592626243591
-148.5395687731236	-994.1911836297451
-139.3076477677376	-994.1911836297451
-130.0757267623516	-994.1911836297451
-120.8438057569656	-1003.4231046351312
-111.6118847515796	-1003.4231046351312
-102.3799637461936	-1003.4231046351312
-93.1480427408076	-1003.4231046351312
-83.9161217354216	-1003.4231046351312
-74.6842007300356	-1003.4231046351312
-65.45227972464961	-994.1911836297451
-56.22035871926361	-994.1911836297451
-46.988437713877616	-994.1911836297451
-37.75651670849162	-994.1911836297451
-28.524595703105618	-994.1911836297451
-19.292674697719622	-994.1911836297451
-10.060753692333623	-994.1911836297451
-0.8288326869476262	-1003.4231046351312
8.403088318438371	-1003.4231046351312
17.635009323824367	-1003.4231046351312
26.866930329210366	-1003.4231046351312
36.09885133459636	-1003.4231046351312
45.33077233998236	-1003.4231046351312
54.56269334536836	-1003.4231046351312
63.79461435075435	-1003.4231046351312
73.02653535614036	-1003.4231046351312
82.25845636152634	-1003.4231046351312
91.49037736691234	-1003.4231046351312
100.72229837229834	-1003.4231046351312
109.95421937768434	-1003.4231046351312
119.18614038307034	-994.1911836297451
128.41806138845632	-994.1911836297451
137.64998239384232	-1003.4231046351312
146.88190339922832	-1003.4231046351312
156.11382440461432	-1003.4231046351312
165.34574541000032	-1003.4231046351312
174.57766641538632	-1003.4231046351312
183.80958742077232	-1003.4231046351312
193.04150842615832	-1003.4231046351312
202.27342943154432	-994.1911836297451
211.5053504369303	-984.9592626243591
220.7372714423163	-984.9592626243591
229.9691924477023	-984.9592626243591
239.2011134530883	-984.9592626243591
248.4330344584743	-975.7273416189731
257.6649554638603	-975.7273416189731
266.8968764692463	-975.7273416189731
276.1287974746323	-975.7273416189731
285.3607184800183	-966.4954206135872
294.5926394854043	-966.4954206135872
303.8245604907903	-966.4954206135872
313.0564814961763	-966.4954206135872
322.2884025015623	-966.4954206135872
331.5203235069483	-957.2634996082011
340.75224451233424	-957.2634996082011
349.98416551772027	-957.2634996082011
359.21608652310624	-948.0315786028151
368.44800752849227	-948.0315786028151
377.67992853387824	-948.0315786028151
386.91184953926427	-948.0315786028151
396.14377054465024	-948.0315786028151
405.37569155003627	-938.7996575974291
414.60761255542224	-938.7996575974291
423.83953356080826	-938.7996575974291
433.07145456619423	-929.5677365920432
442.30337557158026	-920.3358155866571
451.53529657696623	-920.3358155866571
460.76721758235226	-920.3358155866571
469.99913858773823	-920.3358155866571
479.23105959312426	-911.1038945812711
488.4629805985102	-911.1038945812711
497.6949016038962	-901.8719735758851
506.9268226092822	-892.6400525704992
516.1587436146682	-892.6400525704992
525.3906646200542	-883.4081315651132
534.6225856254403	-883.4081315651132
543.8545066308262	-874.1762105597271
553.0864276362122	-864.9442895543411
562.3183486415982	-855.7123685489552
571.5502696469842	-846.4804475435692
580.7821906523702	-837.2485265381831
590.0141116577562	-828.0166055327971
599.2460326631422	-818.7846845274112
608.4779536685282	-818.7846845274112
617.7098746739142	-809.5527635220252
626.9417956793002	-809.5527635220252
636.1737166846862	-800.3208425166391
645.4056376900721	-800.3208425166391
654.6375586954582	-800.3208425166391
663.8694797008442	-791.0889215112531
673.1014007062302	-781.8570005058672
682.3333217116161	-781.8570005058672
691.5652427170022	-781.8570005058672
700.7971637223882	-781.8570005058672
710.0290847277741	-781.8570005058672
719.2610057331601	-772.6250795004812
728.4929267385462	-772.6250795004812
737.7248477439322	-763.3931584950951
746.9567687493181	-763.3931584950951
756.1886897547041	-754.1612374897092
765.4206107600902	-744.9293164843232
774.6525317654762	-744.9293164843232
783.8844527708621	-744.9293164843232
793.1163737762481	-735.6973954789372
802.3482947816341	-726.4654744735512
811.5802157870202	-717.2335534681652
811.5802157870202	-708.0016324627792
820.8121367924061	-698.7697114573932
830.0440577977921	-689.5377904520072
839.2759788031781	-680.3058694466212
848.5078998085642	-671.0739484412352
857.7398208139501	-661.8420274358492
866.9717418193361	-661.8420274358492
876.2036628247221	-661.8420274358492
885.4355838301082	-652.6101064304632
885.4355838301082	-643.3781854250772
894.6675048354941	-634.1462644196912
903.8994258408801	-624.9143434143052
913.1313468462661	-615.6824224089193
913.1313468462661	-606.4505014035332
922.3632678516522	-597.2185803981472
931.5951888570381	-587.9866593927612
940.8271098624241	-578.7547383873753
950.0590308678101	-569.5228173819893
959.290951873196	-560.2908963766032
968.5228728785821	-551.0589753712172
977.7547938839681	-541.8270543658313
986.9867148893541	-541.8270543658313
996.21863589474	-532.5951333604453
1005.4505569001261	-523.3632123550592
1014.6824779055121	-514.1312913496732
1023.9143989108981	-504.89937034428726
1033.146319916284	-495.66744933890124
1042.37824092167	-486.43552833351526
1051.610161927056	-477.20360732812924
1060.842082932442	-467.97168632274327
1060.842082932442	-458.73976531735724
1070.0740039378281	-449.50784431197127
1070.0740039378281	-440.2759233065853
1070.0740039378281	-431.04400230119927
1070.0740039378281	-421.8120812958133
1079.305924943214	-412.5801602904273
1079.305924943214	-403.3482392850413
1079.305924943214	-394.1163182796553
1088.5378459486	-384.8843972742693
1097.769766953986	-375.6524762688833
1097.769766953986	-366.4205552634973
1107.001687959372	-357.1886342581113
1107.001687959372	-347.9567132527253
1107.001687959372	-338.7247922473393
1116.233608964758	-329.4928712419533
1125.465529970144	-320.2609502365673
1125.465529970144	-311.0290292311813
1134.69745097553	-301.7971082257953
1134.69745097553	-292.5651872204093
1143.9293719809161	-283.33326621502334
1143.9293719809161	-274.1013452096373
1143.9293719809161	-264.86942420425135
1143.9293719809161	-255.63750319886532
1153.161292986302	-246.40558219347932
1153.161292986302	-237.17366118809332
1153.161292986302	-227.94174018270732
1153.161292986302	-218.70981917732135
1162.393213991688	-209.47789817193535
1162.393213991688	-200.24597716654935
1171.625134997074	-191.01405616116335
1180.85705600246	-181.78213515577735
1180.85705600246	-172.55021415039135
1190.088977007846	-163.31829314500536
1199.320898013232	-154.08637213961936
1208.552819018618	-154.08637213961936
1217.7847400240041	-144.85445113423336
1217.7847400240041	-135.62253012884736
1227.01666102939	-126.39060912346136
1236.248582034776	-117.15868811807536
1245.480503040162	-107.92676711268938
1254.712424045548	-98.69484610730338
1263.944345050934	-89.46292510191738
1273.17626605632	-80.23100409653138
1282.408187061706	-70.99908309114538
1282.408187061706	-61.76716208575938
1291.640108067092	-52.53524108037339
1291.640108067092	-43.30332007498739
1300.872029072478	-34.07139906960139
1310.103950077864	-24.839478064215395
1310.103950077864	-15.607557058829398
1319.33587108325	-6.3756360534434
1328.567792088636	2.8562849519425972
1337.799713094022	2.8562849519425972
1347.031634099408	12.088205957328594
1356.263555104794	21.320126962714593
1356.263555104794	30.552047968100588
1365.4954761101799	39.78396897348659
1374.727397115566	39.78396897348659
1374.727397115566	49.015889978872586
1383.959318120952	58.24781098425858
1383.959318120952	67.47973198964458
1383.959318120952	76.71165299503058
1393.191239126338	85.94357400041658
1393.191239126338	95.17549500580257
1393.191239126338	104.40741601118857
1393.191239126338	113.63933701657456
1393.191239126338	122.87125802196056
1393.191239126338	132.10317902734656
1393.191239126338	141.33510003273256
1393.191239126338	150.56702103811855
1402.423160131724	159.79894204350455
1402.423160131724	169.03086304889055
1402.423160131724	178.26278405427655
1402.423160131724	187.49470505966255
1393.191239126338	196.72662606504855
1393.191239126338	205.95854707043455
1393.191239126338	215.19046807582055
1383.959318120952	224.42238908120652
1374.727397115566	233.65431008659252
1365.4954761101799	233.65431008659252
1356.263555104794	242.88623109197852
1347.031634099408	252.11815209736451
1337.799713094022	252.11815209736451
1328.567792088636	261.3500731027505
1328.567792088636	270.58199410813654
1319.33587108325	279.8139151135225
1310.103950077864	279.8139151135225
1300.872029072478	289.04583611890854
1291.640108067092	298.2777571242945
1282.408187061706	307.5096781296805
1273.17626605632	316.7415991350665
1273.17626605632	325.9735201404525
1263.944345050934	335.2054411458385
1254.712424045548	344.4373621512245
1245.480503040162	353.6692831566105
1236.248582034776	362.9012041619965
1227.01666102939	372.1331251673825
1217.7847400240041	381.3650461727685
1208.552819018618	390.5969671781545
1199.320898013232	399.82888818354047
1190.088977007846	409.0608091889265
1180.85705600246	418.29273019431247
1171.625134997074	427.5246511996985
1162.393213991688	427.5246511996985
1153.161292986302	427.5246511996985
1143.9293719809161	436.75657220508447
1134.69745097553	436.75657220508447
1125.465529970144	436.75657220508447
1116.233608964758	445.98849321047044
1107.001687959372	445.98849321047044
1097.769766953986	445.98849321047044
1088.5378459486	455.22041421585647
1079.305924943214	464.45233522124244
1070.0740039378281	464.45233522124244
1060.842082932442	473.68425622662846
1051.610161927056	482.91617723201443
1042.37824092167	492.14809823740046
1033.146319916284	501.38001924278643
1023.9143989108981	501.38001924278643
1014.6824779055121	510.61194024817246
1005.4505569001261	519.8438612535584
996.21863589474	529.0757822589444
986.9867148893541	529.0757822589444
977.7547938839681	538.3077032643305
968.5228728785821	547.5396242697165
959.290951873196	556.7715452751024
950.0590308678101	556.7715452751024
940.8271098624241	566.0034662804884
931.5951888570381	575.2353872858745
922.3632678516522	584.4673082912605
913.1313468462661	593.6992292966464
903.8994258408801	602.9311503020324
903.8994258408801	612.1630713074184
894.6675048354941	612.1630713074184
885.4355838301082	612.1630713074184
876.2036628247221	612.1630713074184
866.9717418193361	621.3949923128044
857.7398208139501	621.3949923128044
848.5078998085642	630.6269133181904
839.2759788031781	639.8588343235764
830.0440577977921	649.0907553289624
820.8121367924061	658.3226763343484
811.5802157870202	667.5545973397344
802.3482947816341	676.7865183451204
793.1163737762481	676.7865183451204
783.8844527708621	686.0184393505064
774.6525317654762	686.0184393505064
765.4206107600902	695.2503603558924
756.1886897547041	695.2503603558924
746.9567687493181	704.4822813612784
737.7248477439322	713.7142023666644
728.4929267385462	713.7142023666644
719.2610057331601	722.9461233720504
710.0290847277741	732.1780443774364
700.7971637223882	732.1780443774364
691.5652427170022	732.1780443774364
682.3333217116161	732.1780443774364
673.1014007062302	741.4099653828224
663.8694797008442	741.4099653828224
654.6375586954582	750.6418863882084
645.4056376900721	750.6418863882084
636.1737166846862	759.8738073935943
626.9417956793002	759.8738073935943
617.7098746739142	759.8738073935943
608.4779536685282	759.8738073935943
599.2460326631422	769.1057283989803
590.0141116577562	778.3376494043664
580.7821906523702	787.5695704097524
571.5502696469842	796.8014914151383
562.3183486415982	806.0334124205243
562.3183486415982	815.2653334259104
553.0864276362122	824.4972544312964
543.8545066308262	833.7291754366823
543.8545066308262	842.9610964420683
534.6225856254403	852.1930174474544
525.3906646200542	852.1930174474544
516.1587436146682	861.4249384528404
516.1587436146682	870.6568594582263
506.9268226092822	879.8887804636123
497.6949016038962	889.1207014689983
488.4629805985102	898.3526224743844
488.4629805985102	907.5845434797703
479.23105959312426	907.5845434797703
469.99913858773823	916.8164644851563
460.76721758235226	916.8164644851563
451.53529657696623	926.0483854905423
451.53529657696623	935.2803064959284
442.30337557158026	944.5122275013143
433.07145456619423	953.7441485067003
433.07145456619423	962.9760695120863
423.83953356080826	972.2079905174724
423.83953356080826	981.4399115228583
414.60761255542224	981.4399115228583
405.37569155003627	981.4399115228583
396.14377054465024	981.4399115228583
386.91184953926427	981.4399115228583
377.67992853387824	981.4399115228583
368.44800752849227	990.6718325282443
359.21608652310624	990.6718325282443
349.98416551772027	999.9037535336303
340.75224451233424	1009.1356745390163
331.5203235069483	1018.3675955444023
322.2884025015623	1018.3675955444023
313.0564814961763	1027.5995165497884
313.0564814961763	1036.8314375551743
303.8245604907903	1046.0633585605603
303.8245604907903	1055.2952795659462
303.8245604907903	1064.5272005713323
294.5926394854043	1073.7591215767184
285.3607184800183	1073.7591215767184
276.1287974746323	1073.7591215767184
266.8968764692463	1082.9910425821042
257.6649554638603	1082.9910425821042
248.4330344584743	1092.2229635874903
239.2011134530883	1092.2229635874903
229.9691924477023	1092.2229635874903
220.7372714423163	1092.2229635874903
211.5053504369303	1101.4548845928762
202.27342943154432	1101.4548845928762
193.04150842615832	1110.6868055982623
183.80958742077232	1110.6868055982623
174.57766641538632	1110.6868055982623
165.34574541000032	1110.6868055982623
156.11382440461432	1110.6868055982623
146.88190339922832	1110.6868055982623
137.64998239384232	1119.9187266036483
128.41806138845632	1119.9187266036483
119.18614038307034	1119.9187266036483
109.95421937768434	1119.9187266036483
100.72229837229834	1119.9187266036483
91.49037736691234	1119.9187266036483
82.25845636152634	1119.9187266036483
73.02653535614036	1129.1506476090342
63.79461435075435	1129.1506476090342
54.56269334536836	1129.1506476090342
45.33077233998236	1129.1506476090342
36.09885133459636	1138.3825686144203
26.866930329210366	1138.3825686144203
17.635009323824367	1138.3825686144203
8.403088318438371	1138.3825686144203
-0.8288326869476262	1147.6144896198064
-10.060753692333623	1147.6144896198064
-19.292674697719622	1147.6144896198064
-28.524595703105618	1147.6144896198064
-37.75651670849162	1147.6144896198064
-46.988437713877616	1138.3825686144203
-56.22035871926361	1138.3825686144203
